 0.0  0.0
66.0  0.7
76.0  1.0
84.0  1.5
84.7  1.8
87.6  2.2
89.6  2.4
91.1  2.5
92.3  2.6
93.2  2.6
93.6  2.6
94.0  2.7
94.6  2.8
95.0  2.8
95.4  2.8
95.7  2.8
96.0  2.8
96.2  2.8
96.4  2.8
94.0  2.8
93.7  2.8
94.0  2.8
94.3  2.8
92.3  2.8
92.6  2.8
92.8  2.8
93.1  2.8
93.4  2.8
93.6  2.8
93.5  2.8
93.6  2.8
93.9  2.8
93.7  2.8
93.9  2.8
94.0  2.8
94.1  2.8
94.3  2.8
94.4  2.8
94.6  2.8
94.7  2.8
94.7  2.8
94.9  2.8
95.0  2.9
95.1  2.9
95.0  2.9
95.1  3.0
95.2  3.0
95.3  3.1
95.4  3.1
95.4  3.1
93.9  3.1
94.0  3.1
94.1  3.1
94.3  3.2
94.3  3.2
94.2  3.2
94.3  3.2
94.4  3.2
94.5  3.2
94.6  3.2
94.7  3.2
94.8  3.2
94.9  3.2
94.9  3.2
95.0  3.2
95.1  3.2
95.1  3.2
95.2  3.2
95.3  3.2
95.4  3.2
95.0  3.2
95.0  3.2
95.1  3.2
95.2  3.2
95.2  3.2
95.3  3.2
95.4  3.2
95.4  3.2
95.5  3.2
95.5  3.2
95.3  3.2
95.4  3.2
95.5  3.2
95.5  3.2
95.6  3.2
95.5  3.2
95.5  3.2
94.4  3.3
94.4  3.3
94.4  3.3
94.5  3.3
94.5  3.3
94.6  3.3
94.6  3.3
94.7  3.3
94.7  3.3
94.8  3.3
94.8  3.3
94.9  3.3
94.7  3.3
94.5  3.3
94.5  3.3
94.6  3.3
94.6  3.3
94.7  3.3
94.7  3.3
94.8  3.3
94.8  3.3
94.8  3.3
94.9  3.3
94.7  3.3
94.7  3.3
94.5  3.3
94.4  3.3
94.4  3.3
94.3  3.3
94.4  3.3
94.5  3.3
94.5  3.3
94.4  3.3
94.4  3.3
94.4  3.3
94.5  3.3
94.5  3.3
94.5  3.3
94.6  3.3
94.6  3.3
94.6  3.3
94.7  3.3
94.7  3.3
94.3  3.3
94.4  3.3
94.4  3.3
94.5  3.3
94.5  3.3
94.5  3.3
94.5  3.3
94.5  3.3
94.6  3.3
94.6  3.3
94.3  3.3
94.4  3.3
94.4  3.3
94.4  3.3
94.4  3.3
94.4  3.3
94.5  3.3
94.5  3.3
94.5  3.4
94.6  3.4
94.5  3.4
94.5  3.5
94.6  3.5
94.6  3.5
94.6  3.5
94.6  3.5
94.7  3.6
94.7  3.6
94.7  3.6
94.7  3.6
94.7  3.6
94.7  3.6
94.7  3.7
94.8  3.7
94.8  3.7
94.8  3.7
94.8  3.7
94.9  3.7
94.9  3.7
94.9  3.8
94.5  3.8
94.0  3.8
93.8  3.8
93.9  3.8
93.9  3.8
93.9  3.8
93.9  3.9
93.8  3.9
93.6  3.9
93.7  4.0
93.7  4.0
93.7  4.0
93.7  4.0
93.8  4.0
93.8  4.0
93.8  4.0
93.8  4.0
93.8  4.1
93.9  4.1
93.9  4.1
93.9  4.1
93.9  4.2
94.0  4.2
94.0  4.2
94.0  4.2
94.0  4.2
94.0  4.2
94.1  4.2
94.1  4.2
94.1  4.2
94.1  4.2
93.9  4.2
93.9  4.3
94.0  4.3
94.0  4.3
94.0  4.3
93.9  4.3
94.0  4.3
94.0  4.3
94.0  4.3
94.0  4.3
93.9  4.3
93.4  4.3
93.5  4.3
93.5  4.3
93.5  4.3
93.6  4.3
93.6  4.3
93.6  4.3
93.6  4.3
93.7  4.3
93.7  4.3
93.7  4.3
93.7  4.3
93.8  4.3
93.8  4.3
93.8  4.3
93.8  4.3
93.8  4.3
93.8  4.3
93.9  4.3
93.9  4.3
93.8  4.3
93.7  4.3
93.7  4.3
93.7  4.3
93.7  4.3
93.6  4.3
93.5  4.3
93.4  4.3
93.4  4.3
93.5  4.3
93.4  4.3
93.4  4.3
93.5  4.3
93.5  4.3
93.5  4.3
93.3  4.3
93.1  4.3
93.1  4.3
93.1  4.3
93.1  4.3
93.2  4.3
93.2  4.3
93.2  4.4
93.2  4.4
93.3  4.4
93.3  4.4
93.3  4.4
93.3  4.4
93.4  4.4
93.4  4.4
93.4  4.4
93.1  4.4
93.1  4.4
93.1  4.4
93.2  4.4
93.2  4.4
93.2  4.4
93.2  4.4
93.3  4.4
93.3  4.4
93.3  4.4
93.3  4.4
93.3  4.4
93.3  4.4
93.2  4.4
93.0  4.4
92.8  4.4
92.7  4.4
92.8  4.4
92.8  4.4
92.8  4.4
92.8  4.4
92.8  4.4
92.9  4.4
92.9  4.4
92.9  4.4
92.6  4.4
92.7  4.4
92.7  4.4
92.7  4.4
92.7  4.4
92.8  4.4
92.8  4.4
92.8  4.4
92.8  4.4
92.8  4.4
92.8  4.4
92.9  4.4
92.9  4.4
92.9  4.4
92.9  4.4
93.0  4.4
93.0  4.4
93.0  4.4
93.0  4.4
93.0  4.4
92.9  4.4
92.9  4.4
92.9  4.4
93.0  4.4
93.0  4.4
93.0  4.4
93.0  4.4
93.1  4.4
93.1  4.4
93.1  4.4
93.0  4.4
93.0  4.4
93.0  4.4
93.0  4.4
93.0  4.4
93.1  4.4
93.1  4.4
93.1  4.4
93.1  4.4
93.1  4.4
93.2  4.4
93.2  4.4
93.2  4.4
93.2  4.4
93.2  4.4
93.2  4.4
93.2  4.4
93.3  4.4
93.3  4.4
93.3  4.4
93.3  4.4
93.3  4.4
93.3  4.4
93.3  4.4
93.4  4.4
93.3  4.4
93.3  4.4
93.4  4.4
93.4  4.4
93.4  4.4
93.3  4.4
93.3  4.4
93.4  4.4
93.4  4.4
93.4  4.4
93.4  4.4
93.4  4.4
93.4  4.4
93.5  4.4
93.5  4.4
93.4  4.4
93.4  4.4
93.4  4.4
93.5  4.4
93.5  4.4
93.5  4.4
93.5  4.4
93.5  4.4
93.5  4.4
93.6  4.4
93.2  4.4
93.2  4.4
93.2  4.4
93.2  4.4
93.2  4.4
93.3  4.4
93.3  4.4
93.3  4.4
93.3  4.4
93.3  4.4
93.3  4.4
93.3  4.4
93.4  4.4
93.4  4.4
93.4  4.4
93.4  4.4
93.4  4.4
93.4  4.4
93.4  4.4
93.4  4.4
93.4  4.4
93.4  4.4
93.4  4.4
93.4  4.4
93.4  4.4
93.5  4.4
93.5  4.4
93.5  4.4
93.5  4.4
93.5  4.4
93.5  4.4
93.4  4.4
93.4  4.4
93.4  4.4
93.4  4.4
93.5  4.4
93.4  4.4
93.5  4.4
93.5  4.4
93.5  4.4
93.5  4.4
93.5  4.4
93.5  4.4
93.6  4.4
93.6  4.4
93.6  4.4
93.6  4.4
93.6  4.4
93.6  4.4
93.6  4.4
93.7  4.4
93.4  4.4
93.2  4.4
93.0  4.4
92.8  4.4
92.6  4.4
92.3  4.4
92.1  4.4
91.9  4.4
91.7  4.4
91.5  4.4
91.3  4.4
91.1  4.4
90.9  4.4
90.6  4.4
90.4  4.4
90.2  4.4
90.0  4.4
89.8  4.4
89.6  4.4
89.4  4.4
89.2  4.4
89.0  4.4
88.8  4.4
88.6  4.4
88.4  4.4
88.2  4.4
88.0  4.4
87.8  4.4
87.6  4.4
87.4  4.4
87.2  4.4
