 0.0  0.0
79.0  0.7
85.0  1.1
90.0  1.6
92.5  2.0
93.8  2.3
94.8  2.4
95.0  2.4
95.5  2.5
96.0  2.5
96.4  2.5
96.5  2.6
95.7  2.6
96.0  2.6
96.2  2.6
96.4  2.7
96.5  2.7
96.7  2.8
96.9  2.8
97.0  2.8
97.1  2.8
97.2  2.8
97.4  2.8
97.5  2.8
97.6  2.8
97.7  2.8
97.8  2.8
97.3  2.8
97.3  2.8
97.4  2.8
97.0  2.8
94.3  2.8
93.4  2.8
93.6  2.8
93.8  2.8
94.0  2.8
94.1  2.8
91.7  2.8
91.8  2.8
91.9  2.8
92.1  2.8
91.8  2.8
89.8  2.8
89.8  2.8
89.9  2.8
89.6  2.8
89.5  2.8
89.6  2.8
89.8  2.8
90.0  2.8
90.2  2.8
90.4  2.8
90.6  2.8
90.7  2.8
90.9  2.8
91.0  2.8
91.2  2.8
91.3  2.8
91.3  2.8
91.4  2.8
91.5  2.9
91.6  2.9
91.4  2.9
91.4  2.9
91.5  3.0
91.6  3.0
91.8  3.0
91.6  3.0
91.1  3.0
91.2  3.0
91.3  3.0
91.4  3.0
91.5  3.1
91.6  3.1
91.7  3.1
91.8  3.1
91.9  3.1
92.0  3.1
92.1  3.1
92.2  3.1
92.2  3.1
92.2  3.1
92.2  3.1
92.3  3.1
92.3  3.1
92.3  3.1
92.4  3.1
92.2  3.1
92.2  3.1
92.2  3.1
92.3  3.1
92.4  3.1
92.5  3.1
92.6  3.1
92.6  3.1
92.7  3.1
92.8  3.2
92.6  3.2
92.5  3.3
92.5  3.3
92.6  3.3
92.6  3.3
92.5  3.3
92.6  3.3
92.7  3.3
92.8  3.3
92.8  3.3
92.9  3.3
92.9  3.3
93.0  3.3
93.0  3.3
93.1  3.3
93.2  3.3
93.2  3.3
93.3  3.3
93.3  3.3
93.4  3.3
93.5  3.3
93.2  3.3
93.2  3.3
93.3  3.3
93.3  3.3
93.4  3.3
93.4  3.3
93.5  3.3
93.5  3.3
93.6  3.3
93.3  3.3
92.6  3.3
92.5  3.3
92.5  3.3
92.6  3.3
92.6  3.3
92.6  3.3
92.6  3.3
92.7  3.3
92.7  3.3
92.8  3.3
92.8  3.3
92.9  3.3
92.9  3.3
93.0  3.3
93.0  3.3
93.1  3.3
93.1  3.3
93.2  3.3
93.2  3.3
93.3  3.3
92.9  3.3
93.0  3.3
93.0  3.3
93.1  3.3
93.1  3.3
93.1  3.3
93.2  3.3
93.2  3.3
93.2  3.3
93.3  3.3
93.3  3.3
93.3  3.3
93.4  3.3
93.4  3.3
93.0  3.3
92.6  3.3
92.6  3.3
92.7  3.3
92.7  3.3
92.7  3.3
92.7  3.3
92.8  3.3
92.8  3.3
92.8  3.3
92.7  3.3
92.5  3.3
92.5  3.3
92.5  3.3
92.6  3.3
92.5  3.3
92.5  3.3
92.5  3.3
92.4  3.3
92.4  3.3
92.5  3.3
92.5  3.3
92.5  3.3
92.6  3.3
92.6  3.3
92.7  3.3
92.3  3.3
92.3  3.3
92.3  3.3
92.3  3.3
92.3  3.3
92.3  3.3
92.3  3.3
92.3  3.3
92.4  3.3
92.2  3.3
92.3  3.3
92.3  3.3
92.3  3.3
92.4  3.3
92.4  3.3
92.4  3.3
92.4  3.3
92.4  3.3
92.3  3.3
92.3  3.3
92.0  3.3
92.1  3.3
92.1  3.3
91.9  3.3
92.0  3.3
92.0  3.3
92.0  3.3
92.1  3.3
92.1  3.3
92.1  3.3
91.8  3.3
91.7  3.3
91.7  3.3
91.7  3.3
91.7  3.3
91.7  3.3
91.7  3.3
91.7  3.3
91.7  3.3
91.8  3.3
91.8  3.3
91.8  3.3
91.8  3.3
91.9  3.3
91.9  3.3
91.9  3.3
91.9  3.3
92.0  3.3
92.0  3.3
92.0  3.3
92.0  3.3
92.0  3.3
92.1  3.3
92.1  3.3
92.1  3.3
92.0  3.3
92.0  3.3
92.0  3.3
92.1  3.3
92.1  3.3
92.0  3.3
91.6  3.3
91.4  3.3
91.5  3.3
91.5  3.3
91.5  3.4
91.6  3.4
91.6  3.4
91.6  3.4
91.6  3.4
91.7  3.4
91.7  3.4
91.7  3.4
91.7  3.4
91.7  3.4
91.7  3.4
91.7  3.4
91.7  3.4
91.6  3.4
91.5  3.4
91.3  3.4
91.0  3.4
91.0  3.4
91.1  3.4
91.1  3.5
91.1  3.5
91.1  3.5
91.1  3.5
91.1  3.5
91.1  3.5
91.2  3.5
91.1  3.5
90.9  3.5
90.9  3.5
90.9  3.5
90.9  3.5
90.9  3.5
90.7  3.5
90.6  3.5
90.6  3.5
90.6  3.5
90.6  3.5
90.6  3.5
90.6  3.5
90.7  3.5
90.7  3.5
90.7  3.5
90.7  3.5
90.7  3.5
90.7  3.5
90.7  3.5
90.7  3.5
90.7  3.5
90.7  3.5
90.7  3.5
90.7  3.5
90.8  3.5
90.8  3.5
90.8  3.5
90.8  3.5
90.8  3.5
90.8  3.5
90.8  3.5
90.7  3.5
90.7  3.5
90.7  3.5
90.7  3.5
90.7  3.5
90.8  3.5
90.8  3.5
90.8  3.5
90.8  3.5
90.7  3.5
90.7  3.5
90.7  3.5
90.7  3.6
90.7  3.6
90.5  3.6
90.3  3.6
90.4  3.6
90.4  3.6
90.4  3.6
90.4  3.6
90.3  3.6
90.3  3.6
90.3  3.6
90.3  3.6
90.4  3.6
90.4  3.6
90.4  3.6
90.4  3.6
90.4  3.6
90.4  3.6
90.4  3.6
90.3  3.6
90.3  3.6
90.3  3.6
90.3  3.6
90.3  3.6
90.3  3.6
90.3  3.6
90.3  3.6
90.3  3.6
90.3  3.6
90.3  3.6
90.3  3.6
90.3  3.6
90.3  3.6
90.2  3.6
90.2  3.6
90.2  3.6
90.2  3.6
90.2  3.6
90.1  3.6
90.1  3.6
90.1  3.6
90.1  3.6
90.1  3.6
90.1  3.6
89.9  3.6
89.9  3.6
90.0  3.6
90.0  3.6
89.8  3.6
89.8  3.6
89.8  3.6
89.8  3.6
89.8  3.6
89.9  3.6
89.9  3.6
89.9  3.6
89.9  3.6
89.9  3.6
89.9  3.6
90.0  3.6
90.0  3.6
90.0  3.6
90.0  3.6
90.0  3.6
90.1  3.6
90.1  3.6
90.1  3.6
90.1  3.6
90.0  3.6
89.8  3.6
89.7  3.6
89.6  3.6
89.6  3.6
89.6  3.6
89.5  3.6
89.6  3.6
89.6  3.6
89.6  3.6
89.6  3.6
89.7  3.6
89.7  3.6
89.7  3.6
89.6  3.6
89.5  3.6
89.4  3.6
89.5  3.6
89.5  3.6
89.5  3.6
89.5  3.6
89.4  3.6
89.3  3.6
89.3  3.6
89.3  3.6
89.3  3.6
89.4  3.6
89.4  3.6
89.4  3.6
89.4  3.6
89.4  3.6
89.5  3.6
89.5  3.6
89.4  3.6
89.4  3.6
89.5  3.6
89.5  3.6
89.4  3.6
89.4  3.6
89.5  3.6
89.5  3.6
89.5  3.6
89.5  3.6
89.5  3.6
89.6  3.6
89.6  3.6
89.6  3.6
89.5  3.6
89.5  3.6
89.5  3.6
89.6  3.6
89.6  3.6
89.5  3.6
89.5  3.6
89.4  3.6
89.2  3.6
89.1  3.6
89.0  3.6
88.8  3.6
88.8  3.6
88.8  3.6
88.8  3.6
88.8  3.6
88.8  3.6
88.8  3.6
88.9  3.6
88.9  3.6
88.9  3.6
88.9  3.6
88.9  3.6
88.9  3.6
88.9  3.6
88.9  3.6
88.9  3.6
88.9  3.6
88.9  3.6
89.0  3.6
88.9  3.6
89.0  3.6
89.0  3.6
89.0  3.6
89.0  3.6
89.0  3.6
89.1  3.6
89.1  3.6
89.1  3.6
89.1  3.6
89.1  3.6
89.1  3.6
89.1  3.6
89.1  3.6
89.1  3.6
89.1  3.6
89.1  3.6
89.2  3.6
89.2  3.6
89.2  3.6
89.2  3.6
89.2  3.6
89.2  3.6
89.3  3.6
89.3  3.6
89.3  3.6
89.3  3.6
89.3  3.6
89.4  3.6
89.4  3.6
89.3  3.6
89.3  3.6
89.3  3.6
89.4  3.6
89.4  3.6
89.4  3.6
89.4  3.6
89.4  3.6
89.5  3.6
89.5  3.6
89.5  3.6
89.5  3.6
89.5  3.6
89.5  3.6
89.5  3.6
89.5  3.6
89.6  3.6
89.6  3.6
89.6  3.6
89.6  3.6
89.6  3.6
89.6  3.6
89.7  3.6
89.7  3.6
89.7  3.6
89.7  3.6
89.7  3.6
89.7  3.6
89.7  3.6
89.7  3.6
89.7  3.6
89.6  3.6
89.6  3.6
89.6  3.6
89.7  3.6
89.7  3.6
89.7  3.6
89.7  3.6
89.7  3.6
89.7  3.6
89.7  3.6
89.8  3.6
89.8  3.6
89.8  3.6
89.8  3.6
89.8  3.6
89.8  3.6
89.9  3.6
89.9  3.6
89.9  3.6
89.9  3.6
89.9  3.6
89.9  3.6
89.9  3.6
90.0  3.6
90.0  3.6
90.0  3.6
90.0  3.6
90.0  3.6
90.0  3.6
90.0  3.6
90.0  3.6
90.0  3.6
90.0  3.6
90.0  3.6
90.0  3.6
90.0  3.6
90.0  3.6
90.0  3.6
90.0  3.6
90.0  3.6
90.0  3.6
90.0  3.6
90.1  3.6
90.1  3.6
90.1  3.6
90.1  3.6
90.1  3.6
90.1  3.6
90.2  3.6
90.2  3.6
90.2  3.6
90.2  3.6
90.2  3.6
90.2  3.6
90.2  3.6
90.2  3.6
90.3  3.6
90.3  3.6
90.3  3.6
90.3  3.6
90.3  3.6
90.3  3.6
90.3  3.6
90.3  3.6
90.3  3.6
90.3  3.6
90.3  3.6
90.3  3.6
90.3  3.6
90.3  3.6
90.3  3.6
90.3  3.6
90.4  3.6
90.4  3.6
90.4  3.6
90.4  3.6
90.4  3.6
90.4  3.6
90.4  3.6
90.4  3.6
90.4  3.6
90.3  3.6
90.3  3.6
90.3  3.6
90.3  3.6
90.4  3.6
90.4  3.6
90.4  3.6
90.4  3.6
90.4  3.6
90.4  3.6
90.4  3.6
90.5  3.6
90.5  3.6
90.5  3.6
90.5  3.6
90.3  3.6
90.4  3.6
90.4  3.6
90.4  3.6
90.4  3.6
90.4  3.6
90.2  3.6
90.1  3.6
89.9  3.6
89.8  3.6
89.6  3.6
89.5  3.6
89.4  3.6
89.2  3.6
89.1  3.6
88.9  3.6
88.8  3.6
88.7  3.6
88.5  3.6
88.4  3.6
88.3  3.6
88.1  3.6
88.0  3.6
87.9  3.6
87.7  3.6
87.6  3.6
87.4  3.6
87.3  3.6
87.2  3.6
87.0  3.6
86.9  3.6
86.8  3.6
86.7  3.6
86.5  3.6
86.4  3.6
86.3  3.6
86.1  3.6
86.0  3.6
