0.0  0.1
47.0  0.3
48.5  0.8
49.3  1.0
50.0  1.1
50.2  1.2
50.5  1.4
50.7  1.5
50.7  1.6
50.8  1.8
50.9  1.9
50.9  2.0
50.9  2.2
50.8  2.3
50.9  2.3
50.9  2.3
51.0  2.3
51.0  2.3
51.0  2.4
48.5  2.4
48.6  2.4
48.7  2.4
48.4  2.4
48.5  2.4
48.4  2.4
48.4  2.4
48.5  2.4
48.6  2.4
48.7  2.4
48.8  2.4
48.9  2.4
48.9  2.4
48.7  2.4
47.4  2.4
47.4  2.4
47.5  2.4
47.4  2.4
47.4  2.4
47.4  2.4
47.3  2.4
47.2  2.4
47.3  2.4
47.4  2.4
47.5  2.4
47.6  2.4
47.6  2.4
47.7  2.4
47.8  2.4
47.7  2.4
47.8  2.4
47.8  2.4
47.0  2.4
47.0  2.4
47.1  2.4
47.2  2.4
47.2  2.4
47.2  2.4
46.7  2.4
46.5  2.4
46.5  2.4
46.6  2.4
46.7  2.4
46.7  2.4
46.8  2.4
46.9  2.4
47.0  2.4
47.0  2.5
47.1  2.5
47.2  2.5
47.2  2.5
47.3  2.5
47.3  2.5
47.4  2.5
47.4  2.5
47.4  2.5
47.4  2.5
47.5  2.5
47.5  2.5
47.6  2.5
47.6  2.5
47.6  2.5
47.6  2.5
47.1  2.5
47.2  2.5
47.2  2.5
47.3  2.5
47.3  2.5
47.4  2.5
47.4  2.5
47.4  2.6
47.5  2.6
47.5  2.6
47.5  2.6
47.6  2.6
47.6  2.6
47.6  2.6
47.6  2.6
47.5  2.6
47.4  2.6
47.3  2.6
47.4  2.6
47.4  2.6
47.4  2.6
47.5  2.6
47.5  2.6
47.5  2.6
47.5  2.6
47.5  2.6
47.4  2.6
47.4  2.6
47.5  2.7
47.5  2.7
47.5  2.7
47.6  2.7
47.6  2.7
47.2  2.7
47.2  2.7
47.2  2.7
47.3  2.7
47.3  2.7
47.3  2.7
47.4  2.7
47.4  2.7
47.4  2.7
47.5  2.7
47.5  2.7
47.5  2.7
47.5  2.7
47.6  2.7
47.6  2.7
47.4  2.7
47.5  2.7
47.5  2.7
47.5  2.7
47.5  2.7
47.6  2.7
47.6  2.7
47.6  2.8
47.6  2.8
47.6  2.8
47.6  2.8
47.7  2.8
47.6  2.8
47.6  2.8
47.6  2.8
47.3  2.8
47.3  2.8
47.4  2.8
47.4  2.8
47.4  2.8
47.4  2.8
47.5  2.8
47.5  2.8
47.5  2.8
47.5  2.8
47.6  2.8
47.6  2.8
47.6  2.8
47.6  2.8
47.7  2.8
47.7  2.8
47.7  2.8
47.7  2.8
47.7  2.8
47.7  2.8
47.8  2.8
47.8  2.8
47.8  2.8
47.8  2.8
47.9  2.8
47.9  2.8
47.9  2.8
47.8  2.8
47.8  2.8
47.9  2.8
47.6  2.8
47.6  2.8
47.7  2.8
47.7  2.8
47.7  2.8
47.7  2.8
47.7  2.8
47.7  2.8
47.8  2.8
47.8  2.8
47.8  2.8
47.8  2.8
47.8  2.8
47.8  2.8
47.8  2.8
47.9  2.8
47.8  2.8
47.8  2.8
47.8  2.8
47.8  2.8
47.8  2.8
47.8  2.8
47.9  2.8
47.9  2.8
47.9  2.8
47.9  2.8
47.9  2.8
47.9  2.8
48.0  2.8
48.0  2.8
48.0  2.8
47.7  2.8
47.7  2.8
47.7  2.8
47.7  2.8
47.8  2.8
47.8  2.8
47.8  2.8
47.8  2.8
47.8  2.8
47.8  2.8
47.9  2.8
47.9  2.8
47.9  2.8
47.9  2.8
47.9  2.9
47.9  2.9
47.9  2.9
48.0  2.9
48.0  2.9
48.0  2.9
48.0  2.9
48.0  2.9
48.0  2.9
48.0  2.9
48.0  2.9
48.0  2.9
48.0  2.9
48.0  2.9
48.0  2.9
48.1  2.9
48.1  2.9
47.9  2.9
47.9  2.9
47.9  2.9
47.9  2.9
47.9  2.9
47.9  2.9
47.9  3.0
48.0  3.0
47.9  3.0
47.9  3.0
47.9  3.0
47.9  3.0
47.9  3.0
47.9  3.0
47.9  3.0
47.9  3.0
47.9  3.0
47.9  3.0
47.9  3.0
47.9  3.0
47.9  3.0
47.9  3.0
47.9  3.0
48.0  3.0
48.0  3.0
48.0  3.0
48.0  3.0
48.0  3.0
48.0  3.0
48.0  3.0
48.0  3.0
47.9  3.0
47.9  3.0
47.9  3.0
47.9  3.0
47.9  3.0
47.9  3.0
47.9  3.0
48.0  3.0
48.0  3.0
48.0  3.0
48.0  3.0
48.0  3.0
48.0  3.0
48.0  3.0
48.0  3.0
48.0  3.0
48.0  3.0
48.1  3.0
48.1  3.0
48.0  3.0
48.0  3.0
48.1  3.0
48.1  3.0
48.1  3.0
48.1  3.0
48.1  3.0
48.1  3.0
48.1  3.0
48.1  3.0
48.1  3.0
48.1  3.0
48.2  3.0
48.0  3.0
48.0  3.0
48.0  3.0
48.0  3.0
48.0  3.0
48.1  3.0
48.1  3.0
48.1  3.0
48.1  3.0
48.1  3.0
48.1  3.0
48.1  3.0
48.1  3.0
47.9  3.0
47.8  3.0
47.7  3.0
47.6  3.0
47.6  3.0
47.5  3.0
47.4  3.0
47.4  3.0
47.5  3.0
47.5  3.0
47.5  3.0
47.5  3.0
47.5  3.0
47.5  3.0
47.5  3.0
47.4  3.0
47.4  3.0
47.4  3.0
47.4  3.0
47.4  3.0
47.5  3.0
47.5  3.0
47.5  3.0
47.5  3.0
47.5  3.0
47.5  3.0
47.5  3.0
47.5  3.0
47.5  3.0
47.5  3.0
47.6  3.0
47.6  3.0
47.6  3.0
47.6  3.0
47.6  3.0
47.6  3.0
47.6  3.0
47.6  3.0
47.6  3.0
47.7  3.0
47.7  3.0
47.7  3.0
47.7  3.0
47.7  3.0
47.7  3.0
47.6  3.0
47.6  3.0
47.6  3.0
47.6  3.0
47.6  3.0
47.6  3.0
47.6  3.0
47.6  3.0
47.6  3.0
47.7  3.0
47.7  3.0
47.7  3.0
47.7  3.0
47.7  3.0
47.7  3.0
47.7  3.0
47.7  3.0
47.7  3.0
47.7  3.0
47.7  3.0
47.7  3.0
47.7  3.0
47.7  3.0
47.8  3.0
47.8  3.0
47.8  3.0
47.8  3.0
47.8  3.0
47.8  3.0
47.8  3.0
47.8  3.0
47.8  3.0
47.7  3.0
47.7  3.0
47.7  3.0
47.7  3.0
47.7  3.0
47.7  3.0
47.8  3.0
47.8  3.0
47.8  3.0
47.8  3.0
47.8  3.0
47.8  3.0
47.8  3.0
47.8  3.0
47.8  3.0
47.8  3.0
47.8  3.0
47.8  3.0
47.8  3.0
47.8  3.0
47.8  3.0
47.8  3.0
47.8  3.0
47.8  3.0
47.8  3.0
47.8  3.0
47.9  3.0
47.9  3.0
47.9  3.0
47.9  3.0
47.9  3.0
47.9  3.0
47.9  3.0
47.9  3.0
47.9  3.0
47.8  3.0
47.8  3.0
47.8  3.0
47.8  3.0
47.8  3.0
47.9  3.0
47.9  3.0
47.9  3.0
47.9  3.0
47.9  3.0
47.9  3.0
47.9  3.0
47.9  3.0
47.9  3.0
47.9  3.0
47.9  3.0
47.9  3.0
47.9  3.0
47.9  3.0
48.0  3.0
48.0  3.0
48.0  3.0
48.0  3.0
48.0  3.0
48.0  3.0
48.0  3.0
48.0  3.0
48.0  3.0
48.0  3.0
48.0  3.0
48.0  3.0
48.0  3.0
48.0  3.0
47.9  3.0
48.0  3.0
48.0  3.0
48.0  3.0
48.0  3.0
48.0  3.0
48.0  3.0
48.0  3.0
48.0  3.0
48.0  3.0
48.0  3.0
48.0  3.0
48.0  3.0
48.0  3.0
48.0  3.0
48.0  3.0
48.0  3.0
48.0  3.0
48.0  3.0
48.0  3.0
48.0  3.0
48.1  3.0
48.1  3.0
48.1  3.0
48.1  3.0
48.1  3.0
48.1  3.0
48.1  3.0
48.1  3.0
48.1  3.0
48.0  3.0
48.0  3.0
48.0  3.0
48.0  3.0
48.0  3.0
48.0  3.0
47.9  3.0
47.8  3.0
47.7  3.0
47.6  3.0
47.5  3.0
47.4  3.0
47.3  3.0
47.3  3.0
47.2  3.0
47.1  3.0
47.0  3.0
46.9  3.0
46.8  3.0
46.7  3.0
46.6  3.0
46.5  3.0
46.4  3.0
46.4  3.0
46.3  3.0
46.2  3.0
46.1  3.0
46.0  3.0
45.9  3.0
45.8  3.0
45.8  3.0
45.7  3.0
45.6  3.0
45.5  3.0
45.4  3.0
45.3  3.0
45.2  3.0
45.2  3.0
45.1  3.0
45.0  3.0
44.9  3.0
44.8  3.0
44.7  3.0
44.7  3.0
44.6  3.0
44.5  3.0
44.4  3.0
44.3  3.0
44.3  3.0
44.2  3.0
44.1  3.0
44.0  3.0
43.9  3.0
43.9  3.0
43.8  3.0
43.7  3.0
43.6  3.0
43.6  3.0
43.5  3.0
43.4  3.0
43.4  3.0
43.3  3.0
43.2  3.0
43.1  3.0
43.1  3.0
43.0  3.0
42.9  3.0
42.8  3.0
42.8  3.0
42.7  3.0
42.6  3.0
42.5  3.0
42.5  3.0
42.4  3.0
42.3  3.0
42.2  3.0
42.2  3.0
42.1  3.0
42.0  3.0
42.0  3.0
41.9  3.0
41.8  3.0
41.7  3.0
41.7  3.0
41.6  3.0
41.5  3.0
41.5  3.0
41.4  3.0
41.3  3.0
41.3  3.0
41.2  3.0
41.1  3.0
41.1  3.0
41.0  3.0
40.9  3.0
40.9  3.0
40.8  3.0
40.7  3.0
40.7  3.0
40.6  3.0
40.5  3.0
40.5  3.0
40.4  3.0
40.3  3.0
40.3  3.0
40.2  3.0
40.1  3.0
40.1  3.0
40.0  3.0
39.9  3.0
39.9  3.0
