 0.0  0.0
82.0  0.8
84.5  1.1
87.3  1.4
88.5  1.7
89.2  2.0
89.6  2.2
89.8  2.3
89.0  2.4
89.1  2.4
89.3  2.4
90.0  2.4
90.5  2.4
90.5  2.4
90.5  2.4
90.6  2.4
90.7  2.4
90.7  2.5
90.9  2.5
91.1  2.5
91.2  2.5
87.2  2.8
87.4  2.8
87.5  2.8
87.6  2.8
87.7  2.8
85.5  2.8
85.8  2.8
86.2  2.8
86.4  2.8
86.4  2.8
86.6  2.8
86.6  2.8
86.6  2.8
86.2  2.8
86.4  2.8
86.6  2.8
86.7  2.8
85.9  2.8
84.0  2.8
83.2  2.8
83.5  2.8
83.8  2.8
84.1  2.8
84.2  2.8
84.3  2.8
84.5  2.8
84.7  2.8
84.7  2.8
84.9  2.8
84.5  2.8
84.5  2.8
84.3  2.8
84.6  2.8
84.6  2.8
84.1  2.8
83.6  2.8
83.1  2.8
83.2  2.8
83.4  2.8
83.6  2.8
83.5  2.8
83.6  2.8
83.7  2.8
83.8  2.8
84.0  2.8
84.0  2.8
84.0  2.8
84.1  2.8
84.2  2.8
84.3  2.8
84.5  2.8
84.6  2.8
84.6  2.8
84.6  2.8
84.7  2.9
84.8  2.9
84.8  2.9
84.6  2.9
84.7  2.9
84.7  2.9
84.4  2.9
84.4  2.9
84.6  3.0
84.6  3.0
84.6  3.0
84.5  3.0
84.6  3.0
84.8  3.0
84.9  3.0
84.8  3.0
84.5  3.0
84.3  3.0
84.2  3.0
84.2  3.0
84.2  3.0
84.3  3.0
84.2  3.0
84.3  3.0
84.4  3.0
84.4  3.0
84.4  3.0
84.2  3.0
84.2  3.0
84.2  3.0
84.2  3.0
84.1  3.0
84.0  3.0
84.1  3.0
84.2  3.0
84.3  3.0
84.4  3.0
84.2  3.0
84.3  3.0
84.4  3.0
84.4  3.0
84.5  3.0
84.5  3.1
84.6  3.1
84.6  3.1
84.7  3.1
84.7  3.2
84.6  3.2
84.7  3.2
84.7  3.3
84.7  3.3
84.8  3.3
84.8  3.3
84.8  3.3
84.9  3.3
84.9  3.3
84.9  3.3
84.9  3.3
85.0  3.3
85.0  3.3
85.1  3.3
85.1  3.3
85.2  3.3
85.2  3.3
85.3  3.3
85.3  3.3
85.3  3.3
85.2  3.3
85.2  3.3
85.2  3.3
85.3  3.3
85.3  3.3
85.3  3.3
85.4  3.3
85.4  3.3
85.5  3.3
85.5  3.3
85.5  3.3
85.5  3.3
85.6  3.3
85.7  3.3
85.7  3.3
85.8  3.3
85.9  3.3
85.9  3.3
85.7  3.3
85.3  3.3
84.9  3.3
84.9  3.3
84.9  3.3
84.9  3.3
85.0  3.3
85.0  3.3
85.0  3.3
85.1  3.3
85.1  3.3
85.2  3.3
85.0  3.3
85.0  3.3
85.1  3.3
85.2  3.3
85.2  3.3
85.3  3.3
85.4  3.3
85.4  3.3
85.4  3.3
85.5  3.3
85.5  3.3
85.6  3.3
85.6  3.3
85.6  3.3
85.6  3.3
85.7  3.3
85.7  3.3
85.8  3.3
85.8  3.3
85.9  3.3
85.9  3.3
85.9  3.3
86.0  3.3
86.0  3.3
86.0  3.3
85.9  3.3
85.9  3.3
86.0  3.3
86.0  3.3
86.1  3.3
86.0  3.3
86.0  3.3
85.8  3.3
85.5  3.3
85.3  3.3
85.0  3.3
85.1  3.3
85.1  3.3
85.1  3.3
85.1  3.3
85.2  3.3
85.2  3.3
85.3  3.3
85.3  3.3
85.4  3.3
85.3  3.3
85.2  3.3
85.2  3.3
85.3  3.3
85.2  3.3
85.3  3.3
85.2  3.3
85.2  3.3
85.2  3.3
85.2  3.3
85.1  3.3
84.9  3.3
85.0  3.3
85.0  3.3
85.0  3.3
85.1  3.3
85.1  3.3
85.2  3.3
85.2  3.3
85.2  3.3
85.2  3.3
85.1  3.3
85.1  3.3
85.1  3.3
85.0  3.3
84.9  3.3
85.0  3.3
85.0  3.3
85.0  3.3
85.0  3.3
85.1  3.3
85.1  3.3
84.9  3.3
85.0  3.3
85.1  3.3
85.1  3.3
85.2  3.3
85.2  3.3
85.2  3.3
85.2  3.3
85.1  3.3
85.0  3.3
85.0  3.3
84.9  3.3
84.8  3.3
84.8  3.3
84.8  3.3
84.7  3.3
84.7  3.3
84.6  3.3
84.5  3.3
84.4  3.3
84.4  3.3
84.4  3.3
84.4  3.3
84.4  3.3
84.4  3.3
84.4  3.3
84.4  3.3
84.4  3.3
84.3  3.3
84.1  3.3
84.1  3.3
84.1  3.3
84.0  3.3
84.0  3.3
84.0  3.3
84.0  3.3
83.9  3.3
83.9  3.3
83.9  3.3
83.9  3.3
83.9  3.3
83.8  3.3
83.8  3.3
83.8  3.3
83.8  3.3
83.8  3.3
83.8  3.3
83.8  3.3
83.8  3.3
83.5  3.3
83.4  3.3
83.4  3.3
83.4  3.3
83.4  3.3
83.4  3.3
83.4  3.3
83.4  3.3
83.3  3.3
83.4  3.3
83.2  3.3
83.2  3.3
83.2  3.3
83.2  3.3
83.2  3.3
83.2  3.3
83.1  3.3
83.1  3.3
83.1  3.3
83.1  3.3
83.1  3.3
83.1  3.3
83.1  3.3
83.1  3.3
83.0  3.3
83.0  3.3
83.1  3.3
83.1  3.3
83.1  3.3
83.1  3.3
83.0  3.3
83.0  3.3
83.0  3.3
83.0  3.3
83.0  3.3
83.0  3.3
82.9  3.3
82.9  3.3
82.9  3.3
82.9  3.3
82.7  3.3
82.6  3.3
82.4  3.3
82.3  3.3
82.1  3.3
82.0  3.3
81.9  3.3
81.9  3.3
81.9  3.3
81.9  3.4
81.9  3.4
81.8  3.4
81.8  3.4
81.8  3.4
81.8  3.4
81.8  3.4
81.9  3.4
81.9  3.4
81.9  3.4
81.9  3.4
81.8  3.4
81.8  3.4
81.7  3.4
81.7  3.4
81.7  3.4
81.6  3.4
81.6  3.4
81.6  3.4
81.6  3.4
81.6  3.4
81.5  3.4
81.5  3.4
81.5  3.4
81.5  3.4
81.5  3.4
81.5  3.4
81.5  3.4
81.4  3.4
81.4  3.4
81.4  3.4
81.4  3.4
81.4  3.4
81.4  3.4
81.4  3.4
81.4  3.4
81.4  3.4
81.3  3.4
81.3  3.4
81.3  3.4
81.3  3.4
81.3  3.4
81.2  3.4
81.0  3.4
81.0  3.4
81.0  3.4
81.0  3.4
81.0  3.4
81.0  3.4
81.0  3.4
81.0  3.4
81.0  3.4
81.0  3.4
81.0  3.4
81.0  3.4
81.0  3.4
81.0  3.4
81.0  3.4
81.0  3.4
81.0  3.4
81.0  3.4
81.0  3.4
80.9  3.4
80.9  3.4
80.9  3.4
80.9  3.4
80.9  3.4
80.9  3.4
80.9  3.4
80.9  3.4
80.9  3.4
80.9  3.4
80.9  3.4
80.7  3.4
80.7  3.4
80.7  3.4
80.7  3.4
80.7  3.4
80.7  3.4
80.7  3.4
80.7  3.4
80.7  3.4
80.7  3.4
80.7  3.4
80.7  3.4
80.7  3.4
80.7  3.4
80.7  3.4
80.6  3.4
80.6  3.4
80.6  3.4
80.6  3.4
80.6  3.4
80.5  3.4
80.4  3.4
80.4  3.4
80.4  3.4
80.4  3.4
80.3  3.4
80.3  3.4
80.3  3.4
80.3  3.4
80.3  3.4
80.2  3.4
80.2  3.4
80.2  3.4
80.2  3.4
80.2  3.4
80.1  3.4
80.1  3.4
80.1  3.4
80.1  3.4
80.1  3.4
80.1  3.4
80.1  3.4
80.1  3.4
80.1  3.4
80.1  3.4
80.1  3.4
80.1  3.4
80.1  3.4
80.1  3.4
80.1  3.4
80.1  3.4
80.0  3.4
80.0  3.4
80.0  3.4
80.0  3.4
80.0  3.4
80.0  3.4
80.0  3.4
80.0  3.4
80.0  3.4
80.0  3.4
80.0  3.4
80.0  3.4
80.0  3.4
80.0  3.4
80.0  3.4
80.0  3.4
80.0  3.4
80.0  3.4
80.0  3.4
80.1  3.4
80.1  3.4
80.1  3.4
80.1  3.4
80.1  3.4
80.1  3.4
80.2  3.4
79.9  3.4
79.8  3.4
79.7  3.4
79.6  3.4
79.6  3.4
79.7  3.4
79.7  3.4
79.8  3.4
79.8  3.4
79.6  3.4
79.6  3.4
79.7  3.4
79.7  3.4
79.8  3.4
79.8  3.4
79.8  3.4
79.9  3.4
79.9  3.4
79.7  3.4
79.6  3.4
79.5  3.4
79.6  3.4
79.6  3.4
79.6  3.4
79.7  3.4
79.7  3.4
79.7  3.4
79.8  3.4
79.8  3.4
79.8  3.4
79.8  3.4
79.9  3.4
79.9  3.4
80.0  3.4
80.0  3.4
80.0  3.4
80.0  3.4
80.1  3.4
80.1  3.4
80.1  3.4
80.1  3.4
80.1  3.4
80.1  3.4
80.1  3.4
80.1  3.4
80.0  3.4
80.0  3.4
80.0  3.4
80.1  3.4
80.1  3.4
80.0  3.4
80.0  3.4
80.0  3.4
80.1  3.4
80.1  3.4
80.1  3.4
80.1  3.4
80.2  3.4
80.2  3.4
80.2  3.4
80.2  3.4
80.2  3.4
80.3  3.4
80.3  3.4
80.3  3.4
80.1  3.4
80.1  3.4
80.0  3.4
79.9  3.4
79.8  3.4
79.7  3.4
79.6  3.4
79.7  3.4
79.7  3.4
79.7  3.4
79.7  3.4
79.8  3.4
79.8  3.4
79.8  3.4
79.8  3.4
79.7  3.4
79.8  3.4
79.8  3.4
79.8  3.4
79.8  3.4
79.7  3.4
79.8  3.4
79.8  3.4
79.8  3.4
79.8  3.4
79.9  3.4
79.9  3.4
79.9  3.4
79.9  3.4
79.9  3.4
80.0  3.4
80.0  3.4
80.0  3.4
80.0  3.4
80.0  3.4
80.1  3.4
80.1  3.4
80.1  3.4
80.1  3.4
80.1  3.4
80.2  3.4
80.2  3.4
80.2  3.4
80.2  3.4
80.3  3.4
80.2  3.4
80.2  3.4
80.2  3.4
80.2  3.4
80.3  3.4
80.3  3.4
80.3  3.4
80.3  3.4
80.3  3.4
80.4  3.4
80.4  3.4
80.4  3.4
80.4  3.4
80.5  3.4
80.5  3.4
80.5  3.4
80.5  3.4
80.6  3.4
80.6  3.4
80.6  3.4
80.6  3.4
80.6  3.4
80.7  3.4
80.7  3.4
80.7  3.4
80.7  3.4
80.7  3.4
80.8  3.4
80.8  3.4
80.8  3.4
80.7  3.4
80.7  3.4
80.8  3.4
80.8  3.4
80.8  3.4
80.8  3.4
80.8  3.4
80.9  3.4
80.9  3.4
80.9  3.4
80.9  3.4
80.9  3.4
81.0  3.4
81.0  3.4
81.0  3.4
81.0  3.4
81.0  3.4
81.0  3.4
81.1  3.4
81.1  3.4
81.1  3.4
81.1  3.4
81.2  3.4
81.2  3.4
81.2  3.4
81.2  3.4
81.2  3.4
81.2  3.4
81.3  3.4
81.3  3.4
81.3  3.4
81.3  3.4
81.3  3.4
81.3  3.4
81.3  3.4
81.3  3.4
81.4  3.4
81.4  3.4
81.4  3.4
81.4  3.4
81.4  3.4
81.4  3.4
81.4  3.4
81.4  3.4
81.4  3.4
81.5  3.4
81.5  3.4
81.5  3.4
81.5  3.4
81.5  3.4
81.6  3.4
81.6  3.4
81.6  3.4
81.6  3.4
81.6  3.4
81.7  3.4
81.7  3.4
81.7  3.4
81.7  3.4
81.7  3.4
81.7  3.4
81.7  3.4
81.7  3.4
81.8  3.4
81.8  3.4
81.8  3.4
81.8  3.4
81.8  3.4
81.8  3.4
81.8  3.4
81.9  3.4
81.8  3.4
81.8  3.4
81.9  3.4
81.9  3.4
81.9  3.4
81.9  3.4
81.9  3.4
81.9  3.4
82.0  3.4
82.0  3.4
82.0  3.4
82.0  3.4
82.0  3.4
82.0  3.4
82.1  3.4
82.1  3.4
82.1  3.4
82.1  3.4
82.1  3.4
82.2  3.4
82.1  3.4
82.2  3.4
82.2  3.4
82.2  3.4
82.2  3.4
82.2  3.4
82.2  3.4
82.2  3.4
82.3  3.4
82.3  3.4
82.3  3.4
82.3  3.4
82.3  3.4
82.3  3.4
82.4  3.4
82.3  3.4
82.3  3.4
82.4  3.4
82.4  3.4
82.4  3.4
82.4  3.4
82.4  3.4
82.4  3.4
82.5  3.4
82.5  3.4
82.5  3.4
82.5  3.4
82.6  3.4
82.6  3.4
82.6  3.4
82.6  3.4
82.6  3.4
82.7  3.4
82.7  3.4
82.7  3.4
82.7  3.4
82.5  3.4
82.5  3.4
82.5  3.4
82.6  3.4
82.6  3.4
82.6  3.4
82.6  3.4
82.7  3.4
82.7  3.4
82.7  3.4
82.7  3.4
82.7  3.4
82.8  3.4
82.8  3.4
82.8  3.4
82.8  3.4
82.8  3.4
82.9  3.4
82.9  3.4
82.9  3.4
82.9  3.4
82.9  3.4
82.8  3.4
82.6  3.4
82.5  3.4
82.4  3.4
82.3  3.4
82.2  3.4
82.1  3.4
82.0  3.4
81.9  3.4
81.7  3.4
81.6  3.4
81.5  3.4
81.4  3.4
81.3  3.4
