 0.0  0.0
74.0  0.7
81.5  1.0
88.0  1.4
91.0  1.9
92.4  2.3
93.6  2.4
94.5  2.5
95.3  2.6
95.8  2.6
96.2  2.6
96.5  2.7
96.8  2.7
97.0  2.8
97.2  2.8
97.4  2.8
97.5  2.8
97.7  2.8
97.8  2.8
97.9  2.8
98.0  2.8
98.0  2.8
98.1  2.8
98.2  2.8
96.4  2.8
96.4  2.8
96.5  2.8
96.6  2.8
96.7  2.8
96.8  2.8
97.0  2.8
96.8  2.8
96.9  2.8
97.0  2.8
96.8  2.8
96.6  2.8
94.0  2.8
94.0  2.8
94.2  2.9
94.3  2.9
94.5  2.9
94.6  2.9
94.7  2.9
94.9  2.9
95.0  2.9
95.0  2.9
95.1  2.9
95.2  2.9
95.2  2.9
95.3  3.0
95.4  3.0
95.5  3.1
95.6  3.1
95.6  3.1
95.7  3.1
95.8  3.2
95.7  3.2
95.5  3.2
95.2  3.2
95.2  3.2
94.5  3.2
94.3  3.2
94.4  3.2
94.5  3.2
94.6  3.2
93.9  3.2
93.0  3.2
93.1  3.2
93.1  3.2
93.2  3.2
93.3  3.2
93.1  3.2
93.1  3.2
93.2  3.2
93.3  3.2
93.3  3.2
93.3  3.2
93.4  3.2
93.4  3.2
93.5  3.2
93.6  3.2
93.7  3.2
93.8  3.2
93.8  3.2
93.9  3.2
94.0  3.2
94.0  3.2
94.1  3.2
94.2  3.2
94.2  3.2
94.3  3.2
94.4  3.2
94.4  3.2
94.5  3.2
94.5  3.2
94.6  3.2
94.0  3.2
94.1  3.2
94.1  3.2
94.2  3.2
94.2  3.2
93.9  3.2
93.9  3.2
94.0  3.2
94.1  3.2
94.1  3.2
93.8  3.2
93.7  3.2
93.7  3.2
93.8  3.2
93.9  3.2
93.9  3.2
94.0  3.2
94.0  3.2
94.1  3.2
94.1  3.2
94.2  3.2
94.2  3.2
94.3  3.2
94.3  3.2
94.4  3.2
94.4  3.2
94.5  3.2
94.2  3.2
94.2  3.2
93.5  3.2
93.5  3.2
93.6  3.2
93.6  3.2
93.7  3.2
93.7  3.2
93.4  3.2
93.4  3.2
93.5  3.2
93.5  3.2
93.6  3.2
93.3  3.2
93.1  3.2
93.1  3.2
93.2  3.2
93.2  3.2
93.3  3.2
93.2  3.2
93.3  3.2
93.3  3.2
93.4  3.2
93.4  3.2
93.5  3.2
93.5  3.2
93.5  3.2
93.5  3.2
93.5  3.2
93.6  3.2
93.6  3.2
93.7  3.2
93.7  3.2
93.7  3.2
93.7  3.2
93.7  3.3
93.8  3.3
93.8  3.4
93.9  3.4
93.8  3.4
93.8  3.5
93.8  3.5
93.9  3.5
93.9  3.5
93.7  3.5
93.7  3.6
93.7  3.6
93.7  3.6
93.8  3.6
93.8  3.6
93.9  3.6
93.9  3.7
93.9  3.7
93.9  3.7
93.5  3.7
93.3  3.7
93.4  3.7
93.4  3.8
93.4  3.8
93.3  3.8
93.1  3.8
93.1  3.8
93.2  3.8
93.2  3.8
93.2  3.8
93.3  3.9
93.3  3.9
93.0  3.9
93.0  3.9
93.0  3.9
93.0  4.0
93.1  4.0
93.1  4.0
93.1  4.0
93.2  4.0
93.2  4.0
93.2  4.0
93.2  4.1
93.2  4.1
93.3  4.1
93.3  4.1
93.3  4.2
93.3  4.2
93.4  4.2
93.4  4.2
93.3  4.2
93.3  4.2
93.4  4.2
93.4  4.2
93.4  4.2
93.1  4.2
93.2  4.3
93.2  4.3
93.2  4.3
93.2  4.3
92.9  4.3
92.5  4.3
92.6  4.4
92.6  4.4
92.6  4.4
92.7  4.4
92.7  4.4
92.7  4.4
92.7  4.4
92.8  4.4
92.8  4.4
92.8  4.4
92.9  4.4
92.9  4.4
92.9  4.4
93.0  4.4
93.0  4.4
93.0  4.4
93.0  4.4
93.1  4.4
93.1  4.4
93.1  4.4
93.1  4.4
93.1  4.4
93.2  4.4
93.2  4.4
93.2  4.4
93.2  4.4
93.2  4.4
93.3  4.4
93.3  4.4
93.2  4.4
93.0  4.4
93.0  4.4
93.0  4.4
93.0  4.4
93.1  4.4
92.8  4.4
92.9  4.4
92.9  4.4
92.9  4.4
92.9  4.4
92.9  4.4
92.8  4.4
92.7  4.4
92.7  4.4
92.7  4.4
92.8  4.4
92.8  4.4
92.8  4.4
92.8  4.4
92.9  4.4
92.9  4.4
92.7  4.4
92.7  4.4
92.7  4.4
92.8  4.4
92.8  4.4
92.8  4.4
92.8  4.4
92.8  4.4
92.9  4.4
92.7  4.4
92.6  4.4
92.7  4.4
92.7  4.4
92.7  4.4
92.7  4.4
92.5  4.4
92.5  4.4
92.6  4.4
92.6  4.4
92.6  4.4
92.6  4.4
92.7  4.4
92.7  4.4
92.7  4.4
92.7  4.4
92.7  4.4
92.8  4.4
92.8  4.4
92.8  4.4
92.8  4.4
92.5  4.4
92.4  4.4
92.3  4.4
92.2  4.4
92.2  4.4
92.2  4.4
92.2  4.4
92.3  4.4
92.3  4.4
92.3  4.4
92.3  4.4
92.4  4.4
92.3  4.4
92.4  4.4
92.3  4.4
92.4  4.4
92.4  4.4
92.4  4.4
92.4  4.4
92.4  4.4
92.4  4.4
92.5  4.4
92.5  4.4
92.5  4.4
92.5  4.4
92.5  4.4
92.6  4.4
92.6  4.4
92.6  4.4
92.6  4.4
92.4  4.4
92.4  4.4
92.5  4.4
92.5  4.4
92.5  4.4
92.5  4.4
92.5  4.4
92.6  4.4
92.6  4.4
92.6  4.4
92.6  4.4
92.6  4.4
92.7  4.4
92.7  4.4
92.7  4.4
92.7  4.4
92.7  4.4
92.8  4.4
92.8  4.4
92.8  4.4
92.8  4.4
92.8  4.4
92.9  4.4
92.9  4.4
92.9  4.4
92.9  4.4
92.9  4.4
92.9  4.4
92.9  4.4
92.9  4.4
92.9  4.4
92.9  4.4
92.9  4.4
92.9  4.4
92.9  4.4
92.8  4.4
92.8  4.4
92.9  4.4
92.9  4.4
92.9  4.4
92.9  4.4
92.9  4.4
93.0  4.4
93.0  4.4
92.9  4.4
93.0  4.4
93.0  4.4
93.0  4.4
93.0  4.4
93.0  4.4
93.1  4.4
93.1  4.4
93.1  4.4
93.1  4.4
93.1  4.4
93.1  4.4
93.2  4.4
93.2  4.4
93.2  4.4
93.2  4.4
93.2  4.4
93.2  4.4
93.2  4.4
93.2  4.4
93.1  4.4
93.1  4.4
93.1  4.4
93.1  4.4
93.2  4.4
93.2  4.4
93.2  4.4
93.2  4.4
93.2  4.4
93.2  4.4
93.2  4.4
93.3  4.4
93.3  4.4
93.3  4.4
93.3  4.4
93.3  4.4
93.3  4.4
93.3  4.4
93.4  4.4
93.4  4.4
93.4  4.4
93.4  4.4
93.4  4.4
93.4  4.4
93.5  4.4
93.5  4.4
93.4  4.4
93.4  4.4
93.4  4.4
93.5  4.4
93.5  4.4
93.4  4.4
93.4  4.4
93.4  4.4
93.4  4.4
93.4  4.4
93.4  4.4
93.5  4.4
93.5  4.4
93.5  4.4
93.5  4.4
93.5  4.4
93.5  4.4
93.5  4.4
93.6  4.4
93.6  4.4
93.6  4.4
93.6  4.4
93.6  4.4
93.6  4.4
93.6  4.4
93.6  4.4
93.6  4.4
93.7  4.4
93.7  4.4

