 0.0  0.0
50.0  0.3
50.5  0.8
50.3  0.9
50.5  1.0
50.8  1.0
50.8  1.0
44.6  1.0
45.3  1.0
46.0  1.0
46.3  1.1
46.7  1.1
47.1  1.1
47.4  1.1
47.7  1.1
47.8  1.1
48.1  1.1
48.3  1.1
48.4  1.2
48.6  1.2
48.7  1.2
48.7  1.3
48.9  1.3
49.0  1.3
49.0  1.3
49.1  1.3
49.2  1.3
49.3  1.4
49.3  1.4
49.4  1.4
49.4  1.4
49.5  1.4
49.6  1.4
49.6  1.5
49.6  1.5
49.7  1.5
49.7  1.5
49.7  1.5
49.8  1.6
49.8  1.6
49.9  1.6
49.9  1.6
49.9  1.6
50.0  1.6
48.9  1.6
49.0  1.6
49.0  1.7
49.0  1.7
49.1  1.7
49.1  1.7
49.1  1.7
49.2  1.7
49.2  1.8
49.3  1.8
49.3  1.8
49.3  1.8
49.3  1.8
49.4  1.8
49.4  1.8
49.4  1.9
49.5  1.9
49.5  2.0
49.5  2.0
49.5  2.0
49.6  2.0
49.6  2.0
49.6  2.0
49.6  2.0
49.7  2.0
49.7  2.0
49.7  2.0
49.7  2.1
49.7  2.1
49.7  2.1
49.8  2.1
49.8  2.1
49.8  2.1
49.8  2.1
49.8  2.1
49.8  2.1
49.8  2.1
49.9  2.1
49.3  2.1
49.3  2.1
49.4  2.2
49.4  2.2
49.4  2.2
49.4  2.2
49.4  2.2
49.4  2.2
49.5  2.2
49.5  2.2
49.5  2.2
49.5  2.2
49.5  2.2
49.6  2.2
49.6  2.3
49.6  2.3
49.6  2.3
49.6  2.3
49.6  2.3
49.7  2.3
49.7  2.3
49.7  2.3
49.7  2.3
49.7  2.3
49.7  2.3
49.7  2.3
49.8  2.3
49.8  2.3
49.8  2.3
49.8  2.4
49.8  2.4
49.8  2.4
49.8  2.4
49.8  2.4
49.8  2.4
49.4  2.4
49.5  2.4
49.5  2.4
49.5  2.4
49.5  2.4
49.5  2.4
49.5  2.4
49.6  2.4
49.6  2.4
49.6  2.4
49.6  2.4
49.6  2.4
49.6  2.4
49.6  2.4
49.6  2.5
49.6  2.5
49.7  2.5
49.7  2.5
49.7  2.5
49.7  2.5
49.7  2.5
49.7  2.5
49.7  2.5
49.7  2.5
49.7  2.5
49.8  2.5
49.8  2.5
49.8  2.5
49.8  2.5
49.8  2.6
49.8  2.6
49.8  2.6
49.8  2.6
49.8  2.6
49.8  2.6
49.5  2.6
49.5  2.6
49.5  2.6
49.6  2.6
49.6  2.6
49.6  2.6
49.6  2.6
49.6  2.6
49.6  2.6
49.6  2.6
49.6  2.6
49.6  2.6
49.6  2.6
49.7  2.6
49.7  2.6
49.7  2.6
49.7  2.6
49.7  2.6
49.7  2.6
49.7  2.6
49.7  2.6
49.7  2.7
49.7  2.7
49.7  2.7
49.8  2.7
49.5  2.7
49.2  2.7
49.0  2.7
48.7  2.7
48.6  2.7
48.4  2.7
48.1  2.7
47.9  2.7
47.8  2.7
47.7  2.7
47.5  2.7
47.5  2.7
47.4  2.7
47.2  2.7
47.0  2.7
46.8  2.7
46.7  2.7
46.5  2.7
46.3  2.7
46.1  2.7
45.9  2.7
45.7  2.7
45.5  2.7
45.3  2.7
45.3  2.7
45.2  2.7
45.3  2.7
45.1  2.7
45.1  2.7
45.2  2.7
45.3  2.7
45.0  2.7
45.0  2.7
45.1  2.7
45.2  2.7
45.1  2.7
45.0  2.7
45.0  2.7
44.9  2.7
44.7  2.7
44.5  2.7
44.4  2.7
44.3  2.7
44.2  2.7
44.1  2.7
44.1  2.7
43.9  2.7
43.9  2.7
43.8  2.7
43.6  2.7
43.5  2.7
43.4  2.7
43.3  2.7
43.3  2.7
43.2  2.7
43.1  2.7
43.2  2.7
43.1  2.7
43.2  2.7
43.1  2.7
43.0  2.7
42.9  2.7
42.8  2.7
42.9  2.7
42.8  2.7
42.7  2.7
42.7  2.7
42.7  2.7
42.9  2.7
43.1  2.7
42.9  2.7
42.9  2.7
43.0  2.7
42.8  2.7
42.7  2.7
42.5  2.7
42.5  2.7
42.3  2.7
42.3  2.7
42.2  2.7
42.1  2.7
42.0  2.7
42.2  2.7
42.1  2.7
42.1  2.7
42.1  2.7
42.0  2.7
42.1  2.7
42.0  2.7
41.9  2.7
41.9  2.7
41.9  2.7
41.8  2.7
41.9  2.7
41.8  2.7
41.7  2.7
41.9  2.7
41.7  2.7
41.8  2.7
41.8  2.7
41.9  2.7
41.9  2.7
41.8  2.7
41.8  2.7
41.8  2.7
42.0  2.7
42.1  2.7
42.1  2.7
42.3  2.7
42.1  2.7
42.3  2.7
42.3  2.7
42.4  2.7
42.6  2.7
42.5  2.7
42.6  2.7
42.5  2.7
42.7  2.7
42.6  2.7
42.6  2.7
42.8  2.7
42.8  2.7
42.9  2.7
43.1  2.7
43.2  2.7
43.3  2.7
43.2  2.7
43.1  2.7
43.0  2.7
43.2  2.7
43.1  2.7
43.0  2.7
43.0  2.7
42.9  2.7
42.8  2.7
42.7  2.7
42.8  2.7
42.8  2.7
42.7  2.7
42.8  2.7
42.8  2.7
42.8  2.7
42.7  2.7
42.9  2.7
43.0  2.7
43.0  2.7
43.2  2.7
43.1  2.7
43.2  2.7
43.4  2.7
43.3  2.7
43.4  2.7
43.6  2.7
43.5  2.7
43.6  2.7
43.8  2.7
43.8  2.7
43.8  2.7
43.7  2.7
43.9  2.7
43.8  2.7
43.9  2.7
43.9  2.7
43.9  2.7
43.8  2.7
43.8  2.7
43.9  2.7
43.9  2.7
43.9  2.7
44.0  2.7
44.0  2.7
44.0  2.7
44.0  2.7
43.9  2.7
43.8  2.7
43.7  2.7
43.6  2.7
43.5  2.7
43.6  2.7
43.5  2.7
43.5  2.7
43.4  2.7
43.3  2.7
43.2  2.7
43.1  2.7
43.0  2.7
42.8  2.7
42.7  2.7
42.6  2.7
42.5  2.7
42.4  2.7
42.3  2.7
42.1  2.7
42.0  2.7
41.9  2.7
41.8  2.7
41.7  2.7
41.6  2.7
41.5  2.7
41.4  2.7
41.3  2.7
41.2  2.7
41.1  2.7
41.0  2.7
40.8  2.7
40.7  2.7
40.6  2.7
40.5  2.7
40.4  2.7
40.2  2.7
40.1  2.7
40.0  2.7
39.9  2.7
39.8  2.7
39.7  2.7
39.6  2.7
39.5  2.7
39.4  2.7
39.3  2.7
39.2  2.7
39.1  2.7
39.0  2.7
38.9  2.7
38.8  2.7
38.7  2.7
38.7  2.7
38.6  2.7
38.5  2.7
38.4  2.7
38.3  2.7
38.2  2.7
38.1  2.7
