0.0  0.0
50.0  0.3
50.5  0.8
47.3  0.9
45.0  1.0
43.4  1.1
42.5  1.1
41.8  1.2
41.1  1.3
40.7  1.4
40.4  1.4
40.1  1.5
40.0  1.6
39.7  1.7
37.0  1.7
37.0  1.8
37.0  1.9
37.0  2.0
36.9  2.0
36.9  2.1
36.9  2.2
36.9  2.2
36.8  2.3
36.7  2.3
36.8  2.3
36.8  2.3
36.8  2.3
36.8  2.3
36.7  2.3
36.7  2.4
36.8  2.4
36.7  2.4
36.8  2.4
36.7  2.4
36.7  2.4
36.8  2.4
36.8  2.4
36.7  2.4
36.7  2.4
36.5  2.4
36.2  2.4
36.3  2.4
36.3  2.4
36.1  2.4
36.0  2.4
36.0  2.4
36.0  2.4
36.0  2.4
36.0  2.4
36.0  2.4
35.3  2.4
35.3  2.4
35.4  2.4
35.4  2.4
35.4  2.4
35.4  2.4
35.4  2.4
35.4  2.4
34.9  2.4
34.3  2.4
34.0  2.4
34.1  2.4
34.1  2.4
34.1  2.4
34.1  2.4
34.0  2.4
34.0  2.4
33.9  2.4
33.9  2.4
33.9  2.4
33.8  2.4
33.6  2.4
33.6  2.4
33.7  2.4
33.7  2.4
33.7  2.4
33.8  2.4
33.8  2.4
33.8  2.4
33.9  2.4
33.9  2.4
33.9  2.4
34.0  2.4
34.0  2.4
34.0  2.4
34.0  2.4
33.9  2.4
33.9  2.4
33.9  2.4
33.6  2.4
33.6  2.4
33.7  2.4
33.7  2.4
33.7  2.4
33.7  2.4
33.7  2.4
33.7  2.4
33.7  2.4
33.7  2.4
33.6  2.4
33.6  2.4
33.6  2.4
33.4  2.4
33.1  2.4
32.9  2.4
32.9  2.4
32.9  2.4
32.9  2.4
33.0  2.4
33.0  2.4
33.0  2.4
33.0  2.4
33.0  2.4
33.0  2.4
33.1  2.4
33.1  2.4
33.1  2.4
33.2  2.5
33.2  2.5
33.2  2.5
33.2  2.5
33.3  2.5
33.3  2.5
33.3  2.5
33.3  2.5
33.4  2.5
33.4  2.5
33.1  2.5
33.1  2.5
33.2  2.5
33.2  2.5
33.2  2.5
33.2  2.5
33.2  2.5
33.2  2.5
33.2  2.5
33.3  2.5
33.3  2.5
33.3  2.5
33.4  2.5
33.4  2.5
33.4  2.5
33.4  2.5
33.5  2.5
33.5  2.5
33.6  2.5
33.6  2.5
33.7  2.5
33.7  2.5
33.7  2.5
33.8  2.5
33.8  2.5
33.9  2.5
33.9  2.5
33.9  2.5
34.0  2.5
34.0  2.5
34.0  2.5
34.1  2.5
34.1  2.5
34.1  2.6
34.1  2.6
34.1  2.6
33.9  2.6
34.0  2.6
34.0  2.6
34.0  2.6
34.0  2.6
34.0  2.6
34.0  2.6
34.1  2.6
34.1  2.6
34.1  2.6
34.0  2.6
34.0  2.6
33.9  2.6
33.8  2.6
33.8  2.6
33.8  2.6
33.8  2.6
33.9  2.6
33.9  2.6
33.9  2.6
33.9  2.6
34.0  2.6
34.0  2.6
34.0  2.6
34.0  2.6
34.0  2.6
34.0  2.6
34.0  2.6
34.0  2.6
34.0  2.6
34.0  2.6
33.9  2.6
33.9  2.6
34.0  2.6
34.0  2.6
34.0  2.6
34.0  2.6
33.9  2.6
33.9  2.6
33.9  2.6
33.9  2.6
33.9  2.6
34.0  2.6
34.0  2.6
33.9  2.6
34.0  2.6
34.0  2.6
34.0  2.6
34.0  2.6
34.0  2.6
34.1  2.6
34.1  2.6
34.1  2.6
34.1  2.6
34.1  2.6
34.1  2.6
34.2  2.6
34.2  2.7
34.2  2.7
34.2  2.7
34.2  2.7
34.2  2.7
34.2  2.7
34.2  2.7
34.3  2.7
34.3  2.7
34.3  2.7
34.3  2.7
34.3  2.7
34.3  2.7
34.2  2.7
34.2  2.7
34.2  2.7
34.1  2.7
34.1  2.7
34.1  2.7
34.1  2.7
34.1  2.7
34.1  2.7
34.1  2.7
34.1  2.7
34.1  2.7
34.1  2.7
34.1  2.7
34.1  2.7
34.1  2.7
34.1  2.7
34.1  2.7
34.2  2.7
34.2  2.7
34.2  2.7
34.1  2.7
34.1  2.7
34.1  2.7
34.1  2.7
34.1  2.7
34.1  2.7
34.1  2.7
34.2  2.7
34.2  2.7
34.2  2.7
34.2  2.7
34.2  2.7
34.2  2.7
34.2  2.7
34.2  2.7
34.2  2.7
34.2  2.7
34.2  2.7
34.3  2.7
34.1  2.7
34.2  2.7
34.2  2.7
34.2  2.7
34.2  2.7
34.2  2.7
34.2  2.7
34.2  2.7
34.2  2.7
34.3  2.7
34.3  2.7
34.3  2.7
34.3  2.7
34.3  2.7
34.3  2.7
34.3  2.7
34.3  2.7
34.3  2.7
34.3  2.7
34.3  2.7
34.4  2.7
34.4  2.7
34.4  2.7
34.4  2.7
34.4  2.7
34.4  2.7
34.4  2.7
34.4  2.7
34.5  2.7
34.5  2.7
34.5  2.7
34.5  2.7
34.5  2.7
34.5  2.7
34.5  2.7
34.5  2.7
34.3  2.7
34.4  2.7
34.4  2.7
34.4  2.7
34.4  2.7
34.4  2.7
34.4  2.7
34.4  2.7
34.4  2.7
34.4  2.7
34.4  2.7
34.5  2.7
34.4  2.7
34.5  2.7
34.5  2.7
34.5  2.7
34.5  2.7
34.5  2.7
34.5  2.7
34.5  2.7
34.5  2.7
34.5  2.7
34.5  2.7
34.5  2.7
34.6  2.7
34.6  2.7
34.6  2.7
34.6  2.7
34.6  2.7
34.6  2.7
34.6  2.7
34.6  2.7
34.6  2.8
34.6  2.8
34.5  2.8
34.5  2.8
34.4  2.8
34.4  2.8
34.4  2.8
34.5  2.8
34.5  2.8
34.5  2.8
34.5  2.8
34.5  2.8
34.5  2.8
34.5  2.8
34.5  2.8
34.5  2.8
34.5  2.8
34.5  2.8
34.5  2.8
34.6  2.8
34.6  2.8
34.6  2.8
34.6  2.8
34.6  2.8
34.6  2.8
34.6  2.8
34.6  2.8
34.6  2.8
34.6  2.8
34.6  2.8
34.6  2.8
34.6  2.8
34.6  2.8
34.6  2.8
34.6  2.8
34.6  2.8
34.6  2.8
34.6  2.8
34.6  2.8
34.6  2.8
34.5  2.8
34.6  2.8
34.6  2.8
34.6  2.8
34.6  2.8
34.6  2.8
34.6  2.8
34.6  2.8
34.6  2.8
34.6  2.8
34.6  2.8
34.6  2.8
34.6  2.8
34.6  2.8
34.6  2.8
34.6  2.8
34.6  2.8
34.6  2.8
34.6  2.8
34.6  2.8
34.6  2.8
34.6  2.8
34.6  2.8
34.5  2.8
34.5  2.8
34.5  2.8
34.5  2.8
34.5  2.8
34.5  2.8
34.5  2.8
34.5  2.8
34.5  2.8
34.5  2.8
34.5  2.9
34.5  2.9
34.5  2.9
34.5  2.9
34.5  2.9
34.4  2.9
34.4  2.9
34.3  2.9
34.3  2.9
34.3  2.9
34.3  2.9
34.3  2.9
34.3  2.9
34.3  2.9
34.3  2.9
34.3  2.9
34.3  2.9
34.3  2.9
34.3  2.9
34.3  2.9
34.3  2.9
34.3  2.9
34.3  2.9
34.3  2.9
34.3  2.9
34.3  2.9
34.3  2.9
34.3  2.9
34.3  2.9
34.2  2.9
34.2  2.9
34.2  2.9
34.2  2.9
34.2  2.9
34.2  2.9
34.2  2.9
34.2  2.9
34.2  2.9
34.1  2.9
34.1  2.9
34.1  2.9
34.1  2.9
34.1  2.9
34.1  2.9
34.0  2.9
34.1  2.9
34.1  2.9
34.1  2.9
34.1  2.9
34.1  2.9
34.1  2.9
34.1  2.9
34.1  2.9
34.1  2.9
34.1  2.9
34.1  2.9
34.1  2.9
34.1  2.9
34.1  2.9
34.1  2.9
34.1  3.0
34.1  3.0
34.1  3.0
34.1  3.0
34.1  3.0
34.1  3.0
34.1  3.0
34.1  3.0
34.1  3.0
34.1  3.0
34.1  3.0
34.1  3.0
34.1  3.0
34.1  3.0
34.1  3.0
34.2  3.0
34.2  3.0
34.2  3.0
34.2  3.0
34.2  3.0
34.2  3.0
34.1  3.0
34.1  3.0
34.1  3.0
34.1  3.0
34.1  3.0
34.1  3.0
34.1  3.0
34.1  3.0
34.1  3.0
34.1  3.0
34.1  3.0
34.1  3.0
34.1  3.0
34.1  3.0
34.1  3.0
34.1  3.0
34.1  3.0
34.1  3.0
34.1  3.0
34.1  3.0
34.1  3.0
34.1  3.0
34.1  3.0
34.1  3.0
34.1  3.0
34.1  3.0
34.1  3.0
34.2  3.0
34.2  3.0
34.2  3.0
34.2  3.0
34.2  3.0
34.2  3.0
34.2  3.0
34.2  3.0
34.2  3.0
34.1  3.0
34.1  3.0
34.1  3.0
34.2  3.0
34.1  3.0
34.2  3.0
34.2  3.0
34.2  3.0
34.2  3.0
34.2  3.0
34.2  3.0
34.2  3.0
34.2  3.0
34.2  3.0
34.2  3.0
34.2  3.0
34.2  3.0
34.2  3.0
34.2  3.0
34.2  3.0
34.2  3.0
34.2  3.0
34.2  3.0
34.2  3.0
34.2  3.0
34.2  3.0
34.2  3.0
34.1  3.0
34.1  3.0
34.0  3.0
34.0  3.0
33.9  3.0
33.9  3.0
33.8  3.0
33.8  3.0
33.8  3.0
33.8  3.0
33.7  3.0
33.7  3.0
33.7  3.0
33.6  3.0
33.6  3.0
33.6  3.0
33.6  3.0
33.6  3.0
33.6  3.0
33.6  3.0
33.6  3.0
33.6  3.0
33.6  3.0
33.6  3.0
33.6  3.0
33.6  3.0
33.7  3.0
33.7  3.0
33.7  3.0
33.7  3.0
33.7  3.0
33.7  3.0
33.7  3.0
33.7  3.0
33.7  3.0
33.7  3.0
33.7  3.0
33.7  3.0
33.7  3.0
33.7  3.0
33.7  3.0
33.7  3.0
33.7  3.0
33.7  3.0
33.7  3.0
33.7  3.0
33.8  3.0
33.8  3.0
33.8  3.0
33.8  3.0
33.7  3.0
33.7  3.0
33.7  3.0
33.7  3.0
33.7  3.0
33.8  3.0
33.8  3.0
33.8  3.0
33.8  3.0
33.8  3.0
33.8  3.0
33.8  3.0
33.8  3.0
33.8  3.0
33.8  3.0
33.8  3.0
33.8  3.0
33.8  3.0
33.8  3.0
33.8  3.0
33.8  3.0
33.8  3.0
33.8  3.0
33.8  3.0
33.8  3.0
33.8  3.0
33.8  3.0
33.9  3.0
33.9  3.0
33.8  3.0
33.8  3.0
33.9  3.0
33.9  3.0
33.9  3.0
33.9  3.0
33.9  3.0
33.8  3.0
33.8  3.0
33.8  3.0
33.8  3.0
33.8  3.0
33.8  3.0
33.8  3.0
33.9  3.0
33.9  3.0
33.9  3.0
33.9  3.0
33.9  3.0
33.9  3.0
33.9  3.0
34.0  3.0
34.0  3.0
34.0  3.0
34.0  3.0
34.0  3.0
34.0  3.0
34.0  3.0
34.0  3.0
34.0  3.0
34.0  3.0
34.0  3.0
34.0  3.0
34.0  3.0
34.0  3.0
34.0  3.0
34.0  3.0
34.0  3.0
34.0  3.0
34.0  3.0
34.0  3.0
34.0  2.9
34.0  2.9
34.0  2.9
33.9  2.9
33.9  2.9
33.8  2.9
33.8  2.9
33.8  2.9
33.8  2.9
33.8  2.9
33.7  2.9
33.7  2.9
33.7  2.9
33.6  2.9
33.6  2.9
33.6  2.9
33.6  2.9
33.6  2.9
33.6  2.9
33.6  2.9
33.6  2.9
33.6  2.9
33.6  2.9
33.6  2.9
33.6  2.9
33.6  2.9
33.6  2.9
33.6  2.9
33.6  2.9
33.6  2.9
33.6  2.9
33.6  2.9
33.6  2.9
33.6  2.9
33.6  2.9
33.7  2.9
33.7  2.9
33.7  2.9
33.7  2.9
33.7  2.9
33.7  2.9
33.7  2.9
33.7  2.9
33.7  2.9
33.7  2.9
33.7  2.9
33.7  2.9
33.7  2.9
33.7  2.9
33.7  2.9
33.7  2.9
33.7  2.9
33.7  2.9
33.7  2.9
33.7  2.9
33.7  2.9
33.7  2.9
33.7  2.9
33.7  2.9
33.7  2.9
33.7  2.9
33.7  2.9
33.7  2.9
33.7  2.9
33.7  2.9
33.7  2.9
33.7  2.9
33.7  2.9
33.7  2.9
33.7  2.9
33.7  2.9
33.7  2.9
33.7  2.9
33.7  2.9
33.7  2.9
33.7  2.9
33.7  2.9
33.7  2.9
33.7  2.9
33.7  2.9
33.7  2.9
33.7  2.9
33.7  2.9
33.7  2.9
33.7  2.9
33.7  2.9
33.7  2.9
33.7  2.9
33.7  2.9
33.7  2.9
33.7  2.9
33.8  2.9
33.8  2.9
33.8  2.9
33.8  2.9
33.7  2.9
33.7  2.9
33.7  2.9
33.7  2.9
33.7  2.9
33.7  2.9
33.7  2.9
33.7  2.9
33.7  2.9
33.7  2.9
33.8  2.9
33.8  2.9
33.8  2.9
33.8  2.9
33.8  2.9
33.8  2.9
33.8  2.9
33.8  2.9
33.8  2.9
33.8  2.9
33.8  2.9
33.8  2.9
33.8  2.9
33.8  2.9
33.8  2.9
33.8  2.9
33.8  2.9
33.8  2.9
33.8  2.9
33.8  2.9
33.8  2.9
33.8  2.9
33.8  2.9
33.8  2.9
33.8  2.9
33.8  2.9
33.8  2.9
33.8  2.9
33.8  2.9
33.8  2.9
33.8  2.9
33.8  2.9
33.8  2.9
33.8  2.9
33.8  2.9
33.8  2.9
33.8  2.9
33.8  2.9
33.8  2.9
33.8  2.9
33.8  2.9
33.8  2.9
33.8  2.9
33.8  2.9
33.8  2.9
33.8  2.9
33.8  2.9
33.9  2.9
33.9  2.9
33.9  2.9
33.9  2.9
33.9  2.9
33.9  2.9
33.9  2.9
33.9  2.9
33.9  2.9
33.9  2.9
33.9  2.9
33.9  2.9
33.9  2.9
33.8  2.9
33.8  2.9
33.8  2.9
33.8  2.9
33.8  2.9
33.8  2.9
33.7  2.9
33.7  2.9
33.6  2.9
33.6  2.9
33.6  2.9
33.5  2.9
33.5  2.9
33.5  2.9
33.5  2.9
33.5  2.9
33.5  2.9
33.5  2.9
33.5  2.9
33.5  2.9
33.5  2.9
33.5  2.9
33.5  2.9
33.5  2.9
33.5  2.9
33.5  2.9
33.5  2.9
33.5  2.9
33.6  2.9
33.6  2.9
33.6  2.9
33.6  2.9
33.6  2.9
33.6  2.9
33.5  2.9
33.5  2.9
33.5  2.9
33.5  2.9
33.5  2.9
33.6  2.9
33.6  2.9
33.6  2.9
33.6  2.9
33.6  2.9
33.6  2.9
33.6  2.9
33.6  2.9
33.6  2.9
33.6  2.9
33.6  2.9
33.6  2.9
33.6  2.9
33.6  2.9
33.6  2.9
33.6  2.9
33.6  2.9
33.6  2.9
33.6  2.9
33.6  2.9
33.6  2.9
33.5  2.9
33.5  2.9
33.5  2.9
33.4  2.9
33.4  2.9
33.4  2.9
33.3  2.9
33.3  2.9
33.3  2.9
33.2  2.9
33.2  2.9
33.2  2.9
33.1  2.9
33.1  2.9
33.1  2.9
33.0  2.9
33.0  2.9
32.9  2.9
32.9  2.9
32.9  2.9
32.8  2.9
32.8  2.9
32.8  2.9
32.7  2.9
32.7  2.9
32.7  2.9
32.6  2.9
32.6  2.9
32.6  2.9
32.5  2.9
32.5  2.9
32.5  2.9
32.4  2.9
32.4  2.9
32.4  2.9
32.3  2.9
32.3  2.9
32.3  2.9
32.2  2.9
32.2  2.9
32.2  2.9
32.1  2.9
32.1  2.9
32.0  2.9
32.0  2.9
32.0  2.9
31.9  2.9
31.9  2.9
31.9  2.9
31.8  2.9
31.8  2.9
31.8  2.9
31.7  2.9
31.7  2.9
31.7  2.9
31.6  2.9
31.6  2.9
31.6  2.9
31.5  2.9
31.5  2.9
31.5  2.9
31.5  2.9
31.4  2.9
31.4  2.9
31.4  2.9
31.3  2.9
