 0.0  0.0
40.5  0.7
54.0  1.0
60.5  1.2
64.8  1.4
67.3  1.6
69.0  1.8
70.3  2.0
71.5  2.2
72.3  2.3
73.0  2.3
73.5  2.3
73.2  2.4
73.6  2.4
74.0  2.4
74.3  2.4
74.4  2.4
75.1  2.4
75.5  2.4
75.8  2.4
75.8  2.4
76.0  2.4
76.3  2.4
76.0  2.4
76.2  2.4
76.4  2.4
76.5  2.5
76.6  2.5
76.7  2.5
76.9  2.5
76.9  2.5
76.7  2.5
76.8  2.5
76.8  2.5
77.1  2.8
77.4  2.8
76.6  2.8
76.2  2.8
76.3  2.8
76.2  2.8
76.1  2.8
76.1  2.8
76.3  2.8
76.7  2.8
76.7  2.8
76.7  2.8
76.8  2.8
76.7  2.8
76.7  2.8
76.7  2.8
77.0  2.8
77.2  2.8
77.2  2.8
77.2  2.8
77.0  2.8
76.6  2.8
76.5  2.8
76.6  2.8
76.8  2.8
76.9  2.8
76.9  2.8
76.8  2.8
76.4  2.8
75.3  2.8
74.3  2.8
73.8  2.8
73.5  2.8
73.5  2.8
73.6  2.8
73.7  2.8
73.8  2.8
73.9  2.8
74.0  2.8
74.0  2.8
74.1  2.8
74.0  2.8
74.2  2.8
74.5  2.8
74.5  2.8
74.5  2.8
74.5  2.8
74.5  2.8
74.5  2.8
74.1  2.8
74.1  2.8
74.1  2.8
73.9  2.8
74.2  2.8
74.3  2.8
74.3  2.8
73.9  2.8
73.7  2.8
73.7  2.8
73.4  2.8
73.4  2.8
73.4  2.8
73.2  2.8
73.5  2.8
73.6  2.8
73.6  2.8
73.7  2.8
73.7  2.8
73.7  2.8
73.7  2.8
73.7  2.8
73.8  2.8
73.8  2.8
73.8  2.8
73.8  2.8
73.9  2.8
73.8  2.8
73.8  2.8
73.8  2.8
73.9  2.8
74.0  2.8
74.0  2.8
74.0  2.8
74.0  2.8
74.1  2.8
74.0  2.8
74.0  2.8
73.9  2.8
73.9  2.8
73.9  2.9
73.9  2.9
73.8  2.9
73.6  2.9
73.5  2.9
73.3  2.9
73.3  2.9
73.3  2.9
73.2  2.9
73.2  2.9
73.1  3.0
73.1  3.0
73.1  3.0
73.1  3.0
73.0  3.0
73.0  3.0
72.9  3.0
72.8  3.0
72.7  3.0
72.6  3.0
72.7  3.0
72.7  3.0
72.6  3.0
72.6  3.0
72.6  3.0
72.5  3.0
72.5  3.0
72.4  3.0
72.3  3.0
72.2  3.0
72.2  3.0
72.2  3.0
72.1  3.0
72.0  3.0
71.9  3.0
71.9  3.0
71.9  3.0
71.8  3.0
71.8  3.0
71.8  3.0
71.7  3.0
71.7  3.0
71.6  3.0
71.5  3.0
71.5  3.0
71.5  3.0
71.4  3.0
71.4  3.0
71.3  3.0
71.2  3.0
71.1  3.0
71.1  3.0
71.2  3.0
71.2  3.0
71.3  3.0
71.4  3.0
71.4  3.0
71.5  3.0
71.5  3.0
71.6  3.0
71.6  3.0
71.6  3.0
71.7  3.0
71.6  3.0
71.6  3.0
71.6  3.0
71.6  3.1
71.6  3.1
71.6  3.1
71.7  3.1
71.7  3.1
71.7  3.1
71.7  3.1
71.7  3.2
71.7  3.2
71.7  3.2
71.7  3.2
71.7  3.3
71.6  3.3
71.6  3.3
71.6  3.3
71.6  3.3
71.6  3.3
71.6  3.3
71.6  3.3
71.6  3.3
71.6  3.3
71.6  3.3
71.6  3.3
71.6  3.3
71.7  3.3
71.7  3.3
71.7  3.3
71.7  3.3
71.7  3.3
71.7  3.3
71.8  3.3
71.8  3.3
71.9  3.3
71.9  3.3
71.9  3.3
71.9  3.3
72.0  3.3
72.0  3.3
72.0  3.3
72.0  3.3
72.0  3.3
72.0  3.3
71.9  3.3
71.9  3.3
71.9  3.3
71.9  3.3
71.9  3.3
71.9  3.3
71.9  3.3
71.9  3.3
72.0  3.3
72.0  3.3
72.0  3.3
72.0  3.3
72.0  3.3
72.1  3.3
72.1  3.3
72.1  3.3
72.1  3.3
72.2  3.3
72.2  3.3
72.2  3.3
72.2  3.3
72.3  3.3
72.3  3.3
72.3  3.3
72.4  3.3
72.4  3.3
72.4  3.3
72.4  3.3
72.4  3.3
72.2  3.3
72.0  3.3
71.7  3.3
71.6  3.3
71.6  3.3
71.6  3.3
71.6  3.3
71.6  3.3
71.6  3.3
71.7  3.3
71.7  3.3
71.7  3.3
71.7  3.3
71.8  3.3
71.8  3.3
71.8  3.3
71.8  3.3
71.9  3.3
71.9  3.3
71.9  3.3
72.0  3.3
72.0  3.3
72.0  3.3
72.1  3.3
72.1  3.3
72.1  3.3
72.2  3.3
72.2  3.3
72.2  3.3
72.2  3.3
72.2  3.3
72.3  3.3
72.3  3.3
72.3  3.3
72.3  3.3
72.3  3.3
72.3  3.3
72.3  3.3
72.3  3.3
72.3  3.3
72.3  3.3
72.3  3.3
72.3  3.3
72.3  3.3
72.4  3.3
72.4  3.3
72.4  3.3
72.4  3.3
72.4  3.3
72.4  3.3
72.4  3.3
72.5  3.3
72.5  3.3
72.5  3.3
72.5  3.3
72.5  3.3
72.5  3.3
72.4  3.3
72.4  3.3
72.4  3.3
72.4  3.3
72.4  3.3
72.5  3.3
72.5  3.3
72.5  3.3
72.5  3.3
72.6  3.3
72.6  3.3
72.6  3.3
72.6  3.3
72.6  3.3
72.6  3.3
72.6  3.3
72.4  3.3
72.3  3.3
72.1  3.3
72.0  3.3
72.0  3.3
72.1  3.3
72.1  3.3
72.1  3.3
72.1  3.3
72.1  3.3
72.1  3.3
72.1  3.3
72.2  3.3
72.2  3.3
72.1  3.3
72.1  3.3
72.1  3.3
72.2  3.3
72.2  3.3
72.2  3.3
72.2  3.3
72.2  3.3
72.0  3.3
72.0  3.3
72.1  3.3
72.1  3.3
72.1  3.3
72.1  3.3
72.2  3.3
72.2  3.3
72.2  3.3
72.1  3.3
72.1  3.3
72.1  3.3
72.1  3.3
72.1  3.3
72.0  3.3
71.9  3.3
71.9  3.3
71.9  3.3
71.9  3.3
71.9  3.3
72.0  3.3
72.0  3.3
71.9  3.3
71.9  3.3
71.9  3.3
72.0  3.3
72.0  3.3
72.0  3.3
72.0  3.3
72.0  3.3
72.0  3.3
72.1  3.3
72.1  3.3
72.1  3.3
72.1  3.3
72.1  3.3
72.1  3.3
72.0  3.3
72.0  3.3
72.0  3.3
72.0  3.3
72.0  3.3
72.0  3.3
72.0  3.3
72.0  3.3
72.0  3.3
72.1  3.3
72.1  3.3
72.1  3.3
72.2  3.3
72.0  3.3
72.1  3.3
72.0  3.3
72.0  3.3
72.0  3.3
72.0  3.3
72.1  3.3
72.0  3.3
72.0  3.3
72.0  3.3
72.0  3.3
72.0  3.3
72.0  3.3
71.9  3.3
71.9  3.3
71.8  3.3
71.8  3.2
71.8  3.2
71.7  3.2
71.7  3.2
71.6  3.2
71.6  3.2
71.5  3.2
71.5  3.2
71.5  3.2
71.4  3.2
71.4  3.2
71.3  3.2
71.1  3.2
71.1  3.2
71.0  3.2
71.0  3.2
71.0  3.2
71.0  3.2
70.9  3.2
70.9  3.2
70.9  3.2
70.9  3.2
70.8  3.2
70.8  3.2
70.8  3.2
70.7  3.2
70.7  3.2
70.7  3.2
70.6  3.2
70.6  3.2
70.6  3.2
70.5  3.2
70.4  3.2
70.4  3.2
70.4  3.2
70.3  3.2
70.3  3.2
70.3  3.2
70.2  3.2
70.2  3.2
70.2  3.2
70.1  3.2
70.1  3.2
70.1  3.2
70.0  3.2
70.0  3.2
70.0  3.2
69.9  3.2
69.9  3.2
69.9  3.2
69.9  3.2
69.8  3.2
69.8  3.2
69.8  3.2
69.6  3.2
69.6  3.2
69.6  3.2
69.5  3.2
69.5  3.2
69.5  3.2
69.5  3.2
69.4  3.2
69.3  3.2
69.3  3.2
69.3  3.2
69.2  3.2
69.2  3.2
69.2  3.2
69.2  3.2
69.2  3.2
69.1  3.2
69.1  3.2
69.0  3.2
69.0  3.2
69.0  3.2
69.0  3.2
69.0  3.2
68.9  3.2
68.9  3.2
68.9  3.2
68.9  3.2
68.8  3.2
68.8  3.2
68.8  3.2
68.8  3.2
68.7  3.2
68.7  3.2
68.7  3.2
68.7  3.2
68.6  3.2
68.6  3.2
68.6  3.2
68.6  3.3
68.5  3.3
68.5  3.3
68.5  3.3
68.5  3.3
68.4  3.3
68.4  3.3
68.4  3.3
68.5  3.3
68.4  3.3
68.4  3.3
68.3  3.3
68.3  3.3
68.3  3.3
68.3  3.3
68.2  3.3
68.2  3.3
68.2  3.3
68.2  3.3
68.1  3.3
68.1  3.3
68.1  3.3
68.1  3.3
68.1  3.3
68.0  3.3
68.0  3.3
68.0  3.3
68.0  3.3
67.9  3.3
67.9  3.3
67.8  3.3
67.7  3.3
67.6  3.3
67.5  3.3
67.4  3.3
67.3  3.3
67.3  3.3
67.3  3.3
67.3  3.3
67.3  3.3
67.3  3.3
67.2  3.3
67.2  3.3
67.2  3.3
67.1  3.3
67.1  3.4
67.1  3.4
67.1  3.4
67.0  3.4
67.0  3.4
67.0  3.4
67.0  3.4
67.0  3.4
67.0  3.4
67.0  3.4
67.0  3.4
67.0  3.4
67.0  3.4
66.9  3.4
66.9  3.4
66.9  3.4
66.9  3.4
66.9  3.4
66.8  3.4
66.8  3.4
66.8  3.4
66.7  3.4
66.7  3.4
66.7  3.4
66.7  3.4
66.6  3.4
66.6  3.4
66.6  3.4
66.6  3.4
66.5  3.4
66.5  3.4
66.5  3.4
66.5  3.4
66.5  3.4
66.5  3.4
66.4  3.4
66.4  3.4
66.4  3.4
66.4  3.4
66.3  3.4
66.3  3.4
66.3  3.4
66.3  3.4
66.3  3.4
66.3  3.4
66.2  3.4
66.2  3.4
66.2  3.4
66.2  3.4
66.2  3.4
66.2  3.4
66.1  3.4
66.1  3.4
66.1  3.4
66.1  3.4
66.1  3.4
66.0  3.4
66.0  3.4
66.0  3.4
66.0  3.4
66.0  3.4
66.0  3.4
66.0  3.4
66.0  3.4
65.9  3.4
65.9  3.4
65.9  3.4
65.9  3.4
65.8  3.4
65.8  3.4
65.8  3.4
65.8  3.4
65.8  3.4
65.8  3.4
65.8  3.4
65.7  3.4
65.7  3.4
65.7  3.4
65.7  3.4
65.7  3.4
65.7  3.4
65.6  3.4
65.6  3.4
65.6  3.4
65.6  3.4
65.6  3.4
65.5  3.4
65.5  3.4
65.5  3.4
65.5  3.4
65.5  3.4
65.5  3.4
65.5  3.4
65.5  3.4
65.4  3.4
65.4  3.4
65.4  3.4
65.4  3.4
65.4  3.4
65.4  3.4
65.3  3.4
65.3  3.4
65.3  3.4
65.3  3.4
65.3  3.4
65.3  3.4
65.2  3.4
65.2  3.4
65.2  3.4
65.2  3.4
65.1  3.4
65.1  3.4
65.1  3.4
65.1  3.4
65.1  3.4
65.1  3.4
65.1  3.4
65.1  3.4
65.0  3.4
65.0  3.4
65.0  3.4
65.0  3.4
65.0  3.4
65.0  3.4
65.0  3.4
64.9  3.4
64.9  3.4
64.9  3.4
64.9  3.4
64.9  3.4
64.9  3.4
64.9  3.4
64.9  3.4
64.8  3.4
64.8  3.4
64.8  3.4
64.8  3.4
64.7  3.4
64.7  3.4
64.7  3.4
64.7  3.4
64.7  3.4
64.6  3.4
64.6  3.4
64.6  3.4
64.6  3.4
64.6  3.4
64.6  3.4
64.5  3.4
64.5  3.4
64.5  3.4
64.5  3.4
64.5  3.4
64.5  3.4
64.5  3.4
64.4  3.4
64.4  3.4
64.4  3.4
64.4  3.4
64.4  3.4
64.4  3.4
64.4  3.4
64.4  3.4
64.3  3.4
64.3  3.4
64.3  3.4
64.3  3.4
64.3  3.4
64.2  3.4
64.2  3.4
64.2  3.4
64.2  3.4
64.2  3.4
64.2  3.4
64.2  3.4
64.2  3.4
64.2  3.4
64.2  3.4
64.1  3.4
64.1  3.4
64.1  3.4
64.1  3.4
64.1  3.4
64.1  3.4
64.1  3.4
64.1  3.4
64.1  3.4
64.1  3.4
64.1  3.4
64.1  3.4
64.1  3.4
64.1  3.4
64.1  3.4
64.1  3.4
64.1  3.4
64.0  3.4
64.0  3.4
64.0  3.4
64.0  3.4
64.0  3.4
64.0  3.4
64.0  3.4
64.0  3.4
64.0  3.4
64.0  3.4
64.0  3.4
63.9  3.4
63.9  3.4
63.9  3.4
63.9  3.4
63.9  3.4
63.9  3.4
63.9  3.4
63.9  3.4
63.9  3.4
63.9  3.4
63.9  3.4
63.9  3.4
63.9  3.4
63.9  3.4
63.9  3.4
63.9  3.4
63.9  3.4
63.9  3.4
63.9  3.4
63.8  3.4
63.8  3.4
63.8  3.4
63.7  3.4
63.6  3.4
63.6  3.4
63.7  3.4
63.7  3.4
63.7  3.4
63.7  3.4
63.8  3.4
63.8  3.4
63.8  3.4
63.8  3.4
63.8  3.4
63.9  3.4
63.9  3.4
63.9  3.4
63.9  3.4
64.0  3.4
64.0  3.4
64.0  3.4
64.1  3.4
64.1  3.4
64.2  3.4
64.2  3.4
64.2  3.4
64.2  3.4
64.2  3.4
64.1  3.4
64.1  3.4
64.0  3.4
64.0  3.4
64.1  3.4
64.1  3.4
64.1  3.4
64.1  3.4
64.1  3.4
64.1  3.4
64.1  3.4
64.1  3.4
64.2  3.4
64.2  3.4
64.1  3.4
64.2  3.4
64.2  3.4
64.2  3.4
64.2  3.4
64.2  3.4
64.3  3.4
64.3  3.4
64.3  3.4
64.3  3.4
64.3  3.4
64.4  3.4
64.4  3.4
64.4  3.4
64.4  3.4
64.5  3.4
64.5  3.4
64.5  3.4
64.5  3.4
64.5  3.4
64.6  3.4
64.6  3.4
64.6  3.4
64.5  3.4
64.5  3.4
64.5  3.4
64.5  3.4
64.6  3.4
64.6  3.4
64.6  3.4
64.6  3.4
64.7  3.4
64.7  3.4
64.7  3.4
64.7  3.4
64.7  3.4
64.7  3.4
64.7  3.4
64.7  3.4
64.8  3.4
64.7  3.4
64.7  3.4
64.7  3.4
64.8  3.4
64.8  3.4
64.8  3.4
64.8  3.4
64.8  3.4
64.8  3.4
64.9  3.4
64.9  3.4
64.9  3.4
64.9  3.4
64.9  3.4
64.9  3.4
64.9  3.4
64.9  3.4
65.0  3.4
65.0  3.4
65.0  3.4
65.0  3.4
65.0  3.4
65.0  3.4
65.0  3.4
65.0  3.4
64.9  3.4
64.9  3.4
64.8  3.4
64.8  3.4
64.8  3.4
64.7  3.4
64.7  3.4
64.6  3.4
64.6  3.4
64.6  3.4
64.6  3.4
64.6  3.4
64.6  3.4
64.6  3.4
64.6  3.4
64.6  3.4
64.7  3.4
64.7  3.4
64.7  3.4
64.7  3.4
64.7  3.4
64.7  3.4
64.7  3.4
64.8  3.4
64.8  3.4
64.8  3.4
64.8  3.4
64.8  3.4
64.8  3.4
64.8  3.4
64.8  3.4
64.8  3.4
64.8  3.4
64.8  3.4
64.8  3.4
64.9  3.4
64.9  3.4
64.9  3.4
64.9  3.4
64.9  3.4
64.8  3.4
64.9  3.4
64.9  3.4
64.9  3.4
64.9  3.4
64.9  3.4
64.9  3.4
65.0  3.4
65.0  3.4
65.0  3.4
65.0  3.4
65.0  3.4
65.0  3.4
65.1  3.4
65.1  3.4
65.1  3.4
65.1  3.4
65.1  3.4
65.1  3.4
65.1  3.4
65.2  3.4
65.2  3.4
65.2  3.4
65.2  3.4
65.2  3.4
65.2  3.4
65.2  3.4
65.2  3.4
65.3  3.4
65.3  3.4
65.3  3.4
65.3  3.4
65.3  3.4
65.3  3.4
65.3  3.4
65.4  3.4
65.4  3.4
65.4  3.4
65.4  3.4
65.4  3.4
65.4  3.4
65.4  3.4
65.5  3.4
65.5  3.4
65.5  3.4
65.5  3.4
65.5  3.4
65.5  3.4
65.5  3.4
65.6  3.4
65.6  3.4
65.6  3.4
65.6  3.4
65.6  3.4
65.6  3.4
65.6  3.4
65.6  3.4
65.7  3.4
65.7  3.4
65.7  3.4
65.7  3.4
65.7  3.4
65.7  3.4
65.7  3.4
65.7  3.4
65.8  3.4
65.8  3.4
65.8  3.4
65.8  3.4
65.8  3.4
65.8  3.4
65.8  3.4
65.9  3.4
65.9  3.4
65.9  3.4
65.9  3.4
65.9  3.4
65.9  3.4
65.9  3.4
65.9  3.4
66.0  3.4
65.9  3.4
66.0  3.4
66.0  3.4
66.0  3.4
66.0  3.4
66.0  3.4
66.0  3.4
66.0  3.4
66.1  3.4
66.1  3.4
66.1  3.4
66.1  3.4
66.1  3.4
66.1  3.4
66.1  3.4
66.2  3.4
66.2  3.4
66.2  3.4
66.2  3.4
66.2  3.4
66.2  3.4
66.2  3.4
66.3  3.4
66.3  3.4
66.3  3.4
66.3  3.4
66.3  3.4
66.3  3.4
66.3  3.4
66.3  3.4
66.3  3.4
66.3  3.4
66.3  3.4
66.4  3.4
66.4  3.4
66.4  3.4
66.4  3.4
66.4  3.4
66.4  3.4
66.4  3.4
66.4  3.4
66.5  3.4
66.5  3.4
66.5  3.4
66.5  3.4
66.5  3.4
66.5  3.4
66.5  3.4
66.6  3.4
66.6  3.4
66.6  3.4
66.6  3.4
66.6  3.4
66.6  3.4
66.6  3.4
66.6  3.4
66.7  3.4
66.7  3.4
66.7  3.4
66.7  3.4
66.7  3.4
66.7  3.4
66.7  3.4
66.7  3.4
66.7  3.4
66.7  3.4
66.7  3.4
66.7  3.4
66.8  3.4
66.8  3.4
66.8  3.4
66.8  3.4
66.8  3.4
66.8  3.4
66.8  3.4
66.8  3.4
66.9  3.4
66.9  3.4
66.9  3.4
66.9  3.4
66.9  3.4
66.9  3.4
66.9  3.4
66.9  3.4
66.9  3.4
67.0  3.4
67.0  3.4
67.0  3.4
67.0  3.4
67.0  3.4
67.0  3.4
67.0  3.4
67.0  3.4
67.0  3.4
67.1  3.4
67.1  3.4
67.1  3.4
67.1  3.4
67.1  3.4
67.1  3.4
67.1  3.4
67.1  3.4
67.1  3.4
67.2  3.4
67.2  3.4
67.2  3.4
67.2  3.4
67.2  3.4
67.2  3.4
67.2  3.4
67.2  3.4
67.2  3.4
67.2  3.4
67.3  3.4
67.3  3.4
67.3  3.4
67.3  3.4
67.3  3.4
67.3  3.4
67.3  3.4
67.3  3.4
67.3  3.4
67.3  3.4
67.4  3.4
67.4  3.4
67.4  3.4
67.4  3.4
67.4  3.4
67.4  3.4
67.4  3.4
67.4  3.4
67.4  3.4
67.4  3.4
67.5  3.4
67.5  3.4
67.5  3.4
67.5  3.4
67.5  3.4
67.5  3.4
67.5  3.4
67.5  3.4
67.5  3.4
67.5  3.4
67.6  3.4
67.6  3.4
67.6  3.4
67.6  3.4
67.6  3.4
67.6  3.4
67.6  3.4
67.6  3.4
67.6  3.4
67.6  3.4
67.7  3.4
67.7  3.4
67.7  3.4
67.7  3.4
67.7  3.4
67.7  3.4
67.7  3.4
67.7  3.4
67.7  3.4
67.7  3.4
67.8  3.4
67.8  3.4
67.8  3.4
67.8  3.4
67.8  3.4
67.8  3.4
67.8  3.4
67.8  3.4
67.8  3.4
67.8  3.4
67.8  3.4
67.8  3.4
67.8  3.4
67.8  3.4
67.9  3.4
67.9  3.4
67.9  3.4
67.9  3.4
67.9  3.4
67.9  3.4
67.9  3.4
67.9  3.4
67.9  3.4
67.9  3.4
68.0  3.4
68.0  3.4
68.0  3.4
68.0  3.4
68.0  3.4
68.0  3.4
68.0  3.4
68.0  3.4
68.0  3.4
68.1  3.4
68.1  3.4
68.1  3.4
68.1  3.4
68.1  3.4
68.1  3.4
68.1  3.4
68.1  3.4
68.1  3.4
68.1  3.4
68.1  3.4
68.2  3.4
68.2  3.4
68.2  3.4
68.2  3.4
68.2  3.4
68.2  3.4
68.2  3.4
68.2  3.4
68.2  3.4
68.3  3.4
68.3  3.4
68.3  3.4
68.3  3.4
68.3  3.4
68.3  3.4
68.3  3.4
68.4  3.4
68.4  3.4
68.4  3.4
68.4  3.4
68.4  3.4
68.4  3.4
68.4  3.4
68.4  3.4
68.4  3.4
68.4  3.4
68.4  3.4
68.5  3.4
68.4  3.4
68.4  3.4
68.4  3.4
68.4  3.4
68.4  3.4
68.5  3.4
68.5  3.4
68.5  3.4
68.5  3.4
68.5  3.4
68.5  3.4
68.5  3.4
68.5  3.4
68.6  3.4
68.6  3.4
68.6  3.4
68.6  3.4
68.6  3.4
68.6  3.4
68.5  3.4
68.5  3.4
68.4  3.4
68.4  3.4
68.3  3.4
68.3  3.4
68.2  3.4
68.1  3.4
68.1  3.4
68.0  3.4
68.0  3.4
67.9  3.4
67.9  3.4
67.8  3.4
