 0.0  0.1
79.0  0.8
70.5  0.9
62.6  1.0
58.7  1.1
56.2  1.2
54.5  1.3
53.2  1.4
52.3  1.5
51.8  1.6
51.3  1.7
50.9  1.8
50.1  1.8
49.8  1.9
49.5  2.0
49.2  2.1
49.0  2.2
48.7  2.2
48.6  2.3
48.4  2.3
48.3  2.3
48.2  2.3
48.0  2.3
47.9  2.3
47.7  2.4
47.7  2.4
47.1  2.4
47.0  2.4
46.8  2.4
46.8  2.4
46.8  2.4
46.8  2.4
46.7  2.4
46.6  2.4
46.6  2.4
46.6  2.4
46.7  2.4
46.9  2.4
47.0  2.4
47.0  2.4
47.0  2.4
47.0  2.4
47.0  2.4
46.9  2.4
46.9  2.4
46.9  2.4
46.9  2.4
46.9  2.4
46.9  2.4
46.7  2.4
46.7  2.4
46.7  2.4
46.7  2.4
46.7  2.4
46.7  2.4
46.7  2.4
46.7  2.5
46.7  2.5
46.7  2.5
46.6  2.5
46.4  2.5
46.4  2.5
46.4  2.5
46.5  2.5
46.5  2.5
46.4  2.5
46.3  2.5
46.3  2.5
46.3  2.5
46.3  2.5
46.3  2.5
46.3  2.5
46.3  2.6
46.5  2.8
46.7  2.8
46.9  2.8
46.8  2.8
46.8  2.8
46.7  2.8
46.7  2.8
46.7  2.8
46.6  2.8
46.6  2.8
46.5  2.8
46.5  2.8
46.5  2.8
46.4  2.8
46.4  2.8
46.5  2.8
46.7  2.8
46.8  2.8
46.9  2.8
46.8  2.8
46.8  2.8
46.8  2.8
46.8  2.8
46.8  2.8
46.7  2.8
46.7  2.8
46.6  2.8
46.6  2.8
46.5  2.8
46.5  2.8
46.4  2.8
46.6  2.8
46.7  2.8
46.9  2.8
46.9  2.8
46.9  2.8
46.9  2.8
46.8  2.8
46.8  2.8
46.8  2.8
46.8  2.8
46.6  2.8
46.4  2.8
46.4  2.8
46.3  2.8
46.3  2.8
46.3  2.8
46.2  2.8
46.4  2.8
46.5  2.8
46.5  2.8
46.5  2.8
46.5  2.8
46.5  2.8
46.4  2.8
46.4  2.8
46.4  2.8
46.3  2.8
46.0  2.8
45.7  2.8
45.4  2.8
45.1  2.8
44.8  2.8
44.6  2.8
44.5  2.8
44.6  2.8
44.6  2.8
44.6  2.8
44.6  2.8
44.6  2.8
44.7  2.8
44.7  2.8
44.7  2.8
44.7  2.8
44.7  2.8
44.7  2.8
44.7  2.8
44.7  2.8
44.7  2.8
44.7  2.8
44.7  2.8
44.7  2.8
44.7  2.8
44.6  2.8
44.6  2.8
44.6  2.8
44.8  2.8
44.9  2.8
45.0  2.8
45.0  2.8
45.0  2.8
45.0  2.8
45.0  2.8
44.9  2.8
44.9  2.8
44.9  2.8
44.9  2.8
44.9  2.8
44.9  2.8
44.9  2.8
44.7  2.8
44.7  2.8
44.6  2.8
44.6  2.8
44.6  2.8
44.6  2.8
44.5  2.8
44.5  2.8
44.6  2.8
44.7  2.8
44.8  2.8
44.8  2.8
44.8  2.8
44.7  2.8
44.7  2.8
44.6  2.8
44.4  2.8
44.4  2.8
44.4  2.8
44.4  2.8
44.3  2.8
44.2  2.8
44.2  2.8
44.2  2.8
44.1  2.8
44.1  2.8
44.1  2.8
44.1  2.8
44.2  2.8
44.3  2.8
44.4  2.8
44.5  2.8
44.4  2.8
44.4  2.8
44.4  2.8
44.4  2.8
44.4  2.8
44.4  2.8
44.4  2.8
44.4  2.8
44.4  2.8
44.4  2.8
44.3  2.8
44.3  2.8
44.3  2.8
44.3  2.8
44.3  2.8
44.4  2.8
44.5  2.8
44.6  2.8
44.6  2.8
44.5  2.8
44.5  2.8
44.5  2.8
44.5  2.8
44.5  2.8
44.5  2.8
44.5  2.8
44.4  2.8
44.4  2.8
44.4  2.8
44.4  2.8
44.4  2.8
44.4  2.8
44.5  2.8
44.5  2.8
44.5  2.8
44.4  2.8
44.4  2.8
44.4  2.8
44.4  2.8
44.4  2.8
44.4  2.8
44.4  2.8
44.5  2.8
44.4  2.8
44.4  2.8
44.4  2.8
44.4  2.8
44.3  2.8
44.3  2.8
44.3  2.8
44.3  2.8
44.3  2.8
44.2  2.8
44.2  2.8
44.2  2.9
44.2  2.9
44.2  2.9
44.2  2.9
44.1  2.9
44.1  2.9
44.1  2.9
43.9  2.9
43.9  2.9
43.9  2.9
43.9  2.9
43.8  2.9
43.8  2.9
43.8  2.9
43.8  2.9
43.8  2.9
43.7  2.9
43.7  2.9
43.7  2.9
43.7  2.9
43.6  2.9
43.6  2.9
43.6  2.9
43.6  2.9
43.6  2.9
43.6  2.9
43.6  3.0
43.5  3.0
43.5  3.0
43.5  3.0
43.4  3.0
43.3  3.0
43.2  3.0
43.2  3.0
43.2  3.0
43.2  3.0
43.1  3.0
43.1  3.0
43.1  3.0
43.1  3.0
43.1  3.0
43.1  3.0
43.1  3.0
43.1  3.0
43.1  3.0
43.1  3.0
43.0  3.0
43.0  3.0
43.0  3.0
43.0  3.0
42.9  3.0
42.9  3.0
42.9  3.0
42.8  3.0
42.8  3.0
42.8  3.0
42.8  3.0
42.7  3.0
42.7  3.0
42.7  3.0
42.7  3.0
42.7  3.0
42.6  3.0
42.6  3.0
42.6  3.0
42.6  3.0
42.6  3.0
42.6  3.0
42.5  3.0
42.5  3.0
42.5  3.0
42.5  3.0
42.5  3.0
42.5  3.0
42.5  3.0
42.4  3.0
42.4  3.0
42.4  3.0
42.4  3.0
42.4  3.0
42.3  3.0
42.3  3.0
42.3  3.0
42.3  3.0
42.2  3.0
42.2  3.0
42.2  3.0
42.2  3.0
42.1  3.0
42.1  3.0
42.1  3.0
42.1  3.0
42.1  3.0
42.1  3.0
42.1  3.0
42.0  3.0
42.0  3.0
42.0  3.0
42.0  3.0
41.9  3.0
41.9  3.0
41.9  3.0
41.9  3.0
41.9  3.0
41.9  3.0
41.9  3.0
41.9  3.0
41.9  3.0
41.9  3.0
42.0  3.0
42.0  3.0
42.0  3.0
42.0  3.0
42.0  3.0
42.0  3.0
42.0  3.0
42.1  3.0
42.1  3.0
42.1  3.0
42.1  3.0
42.1  3.0
42.1  3.0
42.1  3.0
42.1  3.0
42.1  3.0
42.1  3.0
42.1  3.0
42.1  3.0
42.1  3.0
42.1  3.0
42.1  3.0
42.1  3.0
42.1  3.0
42.1  3.0
42.1  3.0
42.1  3.1
42.1  3.1
42.1  3.1
42.1  3.1
42.1  3.1
42.1  3.1
42.1  3.1
42.1  3.1
42.1  3.1
42.1  3.1
42.1  3.1
42.1  3.1
42.1  3.1
42.1  3.1
42.1  3.2
42.1  3.2
42.1  3.2
42.1  3.2
42.1  3.2
42.0  3.2
42.0  3.2
42.0  3.2
42.0  3.2
42.0  3.3
42.0  3.3
42.0  3.3
42.0  3.3
42.0  3.3
42.0  3.3
42.0  3.3
42.0  3.3
42.0  3.3
42.0  3.3
42.0  3.3
42.0  3.3
42.0  3.3
42.0  3.3
42.0  3.3
42.0  3.3
42.0  3.3
42.0  3.3
42.0  3.3
42.0  3.3
42.0  3.3
42.0  3.3
42.0  3.3
42.0  3.3
41.9  3.3
42.0  3.3
41.9  3.3
42.0  3.3
42.0  3.3
42.0  3.3
42.0  3.3
42.0  3.3
42.0  3.3
42.0  3.3
42.0  3.3
42.0  3.3
42.0  3.3
42.0  3.3
42.0  3.3
42.0  3.3
42.0  3.3
42.0  3.3
42.1  3.3
42.1  3.3
42.1  3.3
42.1  3.3
42.1  3.3
42.1  3.3
42.1  3.3
42.1  3.3
42.1  3.3
42.1  3.3
42.1  3.3
42.1  3.3
42.1  3.3
42.1  3.3
42.1  3.3
42.1  3.3
42.1  3.3
42.1  3.3
42.1  3.3
42.1  3.3
42.1  3.3
42.1  3.3
42.1  3.3
42.0  3.3
42.0  3.3
42.0  3.3
42.0  3.3
42.0  3.3
42.0  3.3
42.0  3.3
42.0  3.3
42.0  3.3
42.0  3.3
42.0  3.3
42.0  3.3
42.0  3.3
42.0  3.3
42.0  3.3
42.0  3.3
42.0  3.3
42.0  3.3
42.0  3.3
42.0  3.3
42.0  3.3
42.0  3.3
42.0  3.3
42.0  3.3
42.0  3.3
42.0  3.3
42.0  3.3
42.0  3.3
42.0  3.3
42.1  3.3
42.1  3.3
42.1  3.3
42.1  3.3
42.1  3.3
42.1  3.3
42.1  3.3
42.1  3.3
42.1  3.3
42.1  3.3
42.1  3.3
42.1  3.3
42.1  3.3
42.1  3.3
42.1  3.3
42.1  3.3
42.2  3.3
42.2  3.3
42.2  3.3
42.2  3.3
42.2  3.3
42.2  3.3
42.2  3.3
42.2  3.3
42.2  3.3
42.2  3.3
42.2  3.3
42.2  3.3
42.2  3.3
42.2  3.3
42.2  3.3
42.2  3.3
42.1  3.3
42.1  3.3
42.0  3.3
41.9  3.3
41.9  3.3
41.8  3.3
41.8  3.3
41.8  3.3
41.7  3.3
41.7  3.3
41.7  3.3
41.7  3.3
41.7  3.3
41.8  3.3
41.8  3.3
41.8  3.3
41.8  3.3
41.8  3.3
41.8  3.3
41.8  3.3
41.8  3.3
41.8  3.3
41.8  3.3
41.8  3.3
41.8  3.3
41.8  3.3
41.8  3.3
41.8  3.3
41.8  3.3
41.8  3.3
41.9  3.3
41.9  3.3
41.9  3.3
41.9  3.3
41.9  3.3
41.9  3.3
41.9  3.3
41.9  3.3
41.9  3.3
41.9  3.3
41.9  3.3
41.9  3.3
41.9  3.3
41.9  3.3
41.9  3.3
42.0  3.3
42.0  3.3
42.0  3.3
42.0  3.3
42.0  3.3
42.0  3.3
42.0  3.3
42.0  3.3
42.0  3.3
42.0  3.3
42.1  3.3
42.1  3.3
42.1  3.3
42.1  3.3
42.1  3.3
42.1  3.3
42.1  3.3
42.1  3.3
42.1  3.3
42.1  3.3
42.1  3.3
42.1  3.3
42.1  3.3
42.1  3.3
42.1  3.3
42.1  3.3
42.1  3.3
42.1  3.3
42.1  3.3
42.1  3.3
42.2  3.3
42.2  3.3
42.1  3.3
42.1  3.3
42.1  3.3
42.1  3.3
42.2  3.3
42.2  3.3
42.2  3.3
42.2  3.3
42.2  3.3
42.2  3.3
42.2  3.3
42.2  3.3
42.2  3.3
42.2  3.3
42.2  3.3
42.2  3.3
42.2  3.3
42.2  3.3
42.2  3.3
42.2  3.3
42.2  3.3
42.2  3.3
42.2  3.3
42.2  3.3
42.2  3.3
42.2  3.3
42.2  3.3
42.2  3.3
42.2  3.3
42.2  3.3
42.2  3.3
42.2  3.3
42.2  3.3
42.2  3.3
42.2  3.3
42.2  3.3
42.2  3.3
42.2  3.3
42.2  3.3
42.3  3.3
42.3  3.3
42.3  3.3
42.3  3.3
42.3  3.3
42.3  3.3
42.3  3.3
42.3  3.3
42.3  3.3
42.3  3.3
42.3  3.3
42.3  3.3
42.3  3.3
42.3  3.3
42.3  3.3
42.3  3.3
42.3  3.3
42.3  3.3
42.3  3.3
42.3  3.3
42.3  3.3
42.3  3.3
42.3  3.3
42.3  3.3
42.4  3.3
42.4  3.3
42.4  3.3
42.4  3.3
42.4  3.3
42.4  3.3
42.4  3.3
42.4  3.3
42.3  3.3
42.3  3.3
42.3  3.3
42.4  3.3
42.3  3.3
42.3  3.3
42.2  3.3
42.2  3.3
42.1  3.3
42.1  3.3
42.0  3.3
42.0  3.3
42.0  3.3
42.0  3.3
42.0  3.3
42.0  3.3
42.0  3.3
42.0  3.3
42.0  3.3
42.0  3.3
42.0  3.3
42.0  3.3
42.0  3.3
42.0  3.3
42.0  3.3
42.0  3.3
42.0  3.3
42.0  3.3
42.0  3.3
42.0  3.3
42.0  3.3
42.1  3.3
42.1  3.3
42.1  3.3
42.1  3.3
42.1  3.3
42.1  3.3
42.1  3.3
42.1  3.3
42.1  3.3
42.1  3.3
42.1  3.3
42.1  3.3
42.1  3.3
42.1  3.3
42.1  3.3
42.1  3.3
42.1  3.3
42.1  3.3
42.1  3.3
42.1  3.3
42.0  3.3
42.0  3.3
42.0  3.3
42.0  3.3
42.0  3.3
42.0  3.3
42.0  3.3
42.0  3.3
42.0  3.3
42.0  3.3
42.0  3.3
42.0  3.3
42.0  3.3
42.0  3.3
42.0  3.3
42.0  3.3
42.0  3.3
42.0  3.3
42.0  3.3
42.0  3.3
42.0  3.3
42.0  3.3
42.0  3.3
42.0  3.3
42.0  3.3
42.0  3.3
42.0  3.3
42.0  3.3
41.9  3.3
41.9  3.3
41.9  3.3
41.9  3.3
41.9  3.3
41.8  3.3
41.8  3.3
41.8  3.3
41.8  3.3
41.8  3.3
41.8  3.3
41.8  3.3
41.8  3.3
41.9  3.3
41.9  3.3
41.9  3.3
41.9  3.3
41.9  3.3
41.9  3.3
41.9  3.3
41.9  3.3
41.9  3.3
41.9  3.3
41.9  3.3
41.9  3.3
41.9  3.3
41.9  3.3
41.9  3.3
41.9  3.3
41.9  3.3
42.0  3.3
42.0  3.3
42.0  3.3
42.0  3.3
42.0  3.3
42.0  3.3
42.0  3.3
42.0  3.3
42.0  3.3
42.0  3.3
42.0  3.3
42.0  3.3
42.0  3.3
42.0  3.3
42.0  3.3
42.0  3.3
42.0  3.3
42.0  3.3
42.0  3.3
41.9  3.3
41.9  3.3
41.9  3.3
41.9  3.3
41.9  3.3
41.9  3.3
41.9  3.3
41.9  3.3
41.9  3.3
41.9  3.3
41.9  3.3
41.9  3.3
41.9  3.3
41.9  3.3
41.9  3.3
41.9  3.3
41.9  3.3
41.9  3.3
41.9  3.3
41.9  3.3
41.9  3.3
41.9  3.3
42.0  3.3
42.0  3.3
42.0  3.3
42.0  3.3
42.0  3.3
42.0  3.3
42.0  3.3
41.9  3.3
41.9  3.3
42.0  3.3
42.0  3.3
42.0  3.3
42.0  3.3
42.0  3.3
42.0  3.3
42.0  3.3
42.0  3.3
42.0  3.3
42.0  3.3
42.0  3.3
42.0  3.3
42.0  3.3
42.0  3.3
42.0  3.3
42.0  3.3
42.0  3.3
42.0  3.3
42.0  3.3
42.0  3.3
41.9  3.3
41.9  3.3
41.9  3.3
41.9  3.3
41.9  3.3
41.9  3.3
41.9  3.3
41.9  3.3
41.8  3.3
41.8  3.2
41.8  3.2
41.8  3.2
41.8  3.2
41.8  3.2
41.7  3.2
41.7  3.2
41.7  3.2
41.7  3.2
41.7  3.2
41.7  3.2
41.6  3.2
41.6  3.2
41.6  3.2
41.6  3.2
41.6  3.2
41.6  3.2
41.6  3.2
41.5  3.2
41.5  3.2
41.5  3.2
41.5  3.2
41.5  3.2
41.4  3.2
41.4  3.2
41.4  3.2
41.4  3.2
41.4  3.2
41.4  3.2
41.4  3.2
41.3  3.2
41.3  3.2
41.3  3.2
41.3  3.2
41.3  3.2
41.3  3.2
41.3  3.2
41.3  3.2
41.3  3.2
41.2  3.2
41.2  3.2
41.2  3.2
41.2  3.2
41.2  3.2
41.2  3.2
41.2  3.2
41.2  3.2
41.2  3.2
41.2  3.2
41.1  3.2
41.1  3.2
41.1  3.2
41.1  3.2
41.1  3.2
41.1  3.2
41.1  3.2
41.1  3.2
41.1  3.2
41.0  3.2
41.0  3.2
41.0  3.2
41.0  3.2
41.0  3.2
41.0  3.2
41.0  3.2
40.9  3.2
40.9  3.2
40.9  3.2
40.9  3.2
40.9  3.2
40.9  3.2
40.9  3.2
40.9  3.2
40.8  3.2
40.8  3.2
40.8  3.2
40.8  3.2
40.8  3.2
40.8  3.2
40.8  3.2
40.8  3.2
40.8  3.2
40.7  3.2
40.7  3.2
40.7  3.2
40.7  3.2
40.7  3.2
40.7  3.2
40.7  3.2
40.7  3.2
40.7  3.2
40.6  3.2
40.6  3.2
40.6  3.2
40.6  3.2
40.6  3.2
40.6  3.2
40.6  3.2
40.6  3.2
40.6  3.2
40.6  3.2
40.5  3.2
40.5  3.2
40.5  3.2
40.5  3.2
40.5  3.2
40.5  3.2
40.5  3.2
40.5  3.2
40.5  3.2
40.5  3.2
40.4  3.2
40.4  3.2
40.4  3.2
40.4  3.2
40.4  3.2
40.4  3.2
40.4  3.2
40.4  3.2
40.4  3.2
40.4  3.2
40.3  3.2
40.3  3.2
40.3  3.2
40.3  3.2
40.3  3.2
40.3  3.2
40.3  3.2
40.3  3.2
40.2  3.2
40.2  3.2
40.2  3.2
40.2  3.2
40.2  3.2
40.2  3.2
40.2  3.2
40.2  3.2
40.2  3.2
40.2  3.2
40.2  3.2
40.2  3.2
40.1  3.2
40.1  3.2
40.1  3.2
40.1  3.2
40.1  3.2
40.1  3.2
40.1  3.2
40.1  3.2
40.1  3.2
40.1  3.2
40.0  3.2
40.0  3.2
40.0  3.2
40.0  3.2
40.0  3.2
40.0  3.2
40.0  3.2
40.0  3.2
40.0  3.2
40.0  3.2
39.9  3.2
39.9  3.2
39.9  3.2
39.9  3.2
39.9  3.2
39.9  3.2
39.9  3.2
39.9  3.2
39.9  3.2
39.9  3.2
39.9  3.2
39.9  3.2
39.8  3.2
39.8  3.2
39.8  3.2
39.8  3.2
39.8  3.2
39.8  3.2
39.8  3.2
39.8  3.2
39.8  3.2
39.7  3.2
39.7  3.2
39.7  3.2
39.7  3.2
39.7  3.2
39.7  3.2
39.7  3.2
39.7  3.2
39.7  3.2
39.7  3.2
39.7  3.2
39.6  3.2
39.6  3.2
39.6  3.2
39.6  3.2
39.6  3.2
39.6  3.2
39.6  3.2
39.6  3.2
39.6  3.2
39.6  3.2
39.6  3.2
39.6  3.2
39.6  3.2
39.6  3.2
39.6  3.2
39.6  3.2
39.6  3.2
39.6  3.2
39.6  3.2
39.5  3.2
39.5  3.2
39.5  3.2
39.5  3.2
39.5  3.2
39.5  3.2
39.5  3.2
39.5  3.2
39.5  3.2
39.5  3.2
39.5  3.2
39.4  3.2
39.4  3.2
39.4  3.2
39.4  3.2
39.4  3.2
39.4  3.2
39.4  3.2
39.4  3.2
39.4  3.2
39.4  3.2
39.4  3.2
39.4  3.2
39.3  3.2
39.3  3.2
39.3  3.2
39.3  3.2
39.3  3.2
39.3  3.2
39.3  3.2
39.3  3.2
39.2  3.2
39.2  3.2
39.2  3.2
39.2  3.2
39.2  3.2
39.1  3.2
39.1  3.2
39.1  3.2
39.0  3.2
39.0  3.2
39.0  3.2
39.0  3.2
39.0  3.2
38.9  3.2
38.9  3.3
38.9  3.3
38.9  3.3
38.9  3.3
38.9  3.3
38.9  3.3
38.9  3.3
38.9  3.3
38.9  3.3
38.9  3.3
38.9  3.3
38.9  3.3
38.9  3.3
38.8  3.3
38.8  3.3
38.8  3.3
38.8  3.3
38.8  3.3
38.8  3.3
38.8  3.3
38.8  3.3
38.8  3.3
38.8  3.3
38.8  3.3
38.7  3.3
38.7  3.3
38.7  3.3
38.7  3.3
38.7  3.3
38.7  3.3
38.7  3.3
38.7  3.3
38.7  3.3
38.7  3.3
38.7  3.3
38.7  3.3
38.7  3.3
38.7  3.3
38.7  3.3
38.7  3.3
38.7  3.3
38.7  3.3
38.7  3.3
38.7  3.3
38.6  3.3
38.6  3.3
38.6  3.3
38.6  3.3
38.6  3.3
38.6  3.3
38.6  3.3
38.6  3.3
38.6  3.3
38.6  3.3
38.6  3.3
38.6  3.3
38.6  3.3
38.5  3.3
38.5  3.3
38.5  3.3
38.5  3.3
38.5  3.3
38.5  3.3
38.5  3.3
38.5  3.3
38.5  3.3
38.4  3.3
38.4  3.3
38.4  3.3
38.4  3.3
38.4  3.3
38.4  3.3
38.4  3.3
38.4  3.3
38.4  3.3
38.4  3.3
38.4  3.3
38.4  3.3
38.4  3.3
38.4  3.3
38.4  3.3
38.3  3.3
38.3  3.3
38.3  3.3
38.3  3.3
38.3  3.3
38.3  3.3
38.3  3.3
38.3  3.3
38.3  3.3
38.3  3.3
38.3  3.3
38.3  3.3
38.3  3.3
38.3  3.3
38.2  3.3
38.2  3.3
38.2  3.3
38.2  3.3
38.2  3.3
38.2  3.3
38.2  3.3
38.2  3.3
38.2  3.3
38.2  3.3
38.2  3.3
38.1  3.3
38.1  3.3
38.1  3.3
38.1  3.3
38.1  3.3
38.1  3.3
38.1  3.3
38.1  3.3
38.1  3.3
38.1  3.3
38.1  3.3
38.1  3.3
38.1  3.3
38.1  3.3
38.1  3.3
38.1  3.3
38.0  3.3
38.0  3.3
38.0  3.3
38.0  3.3
38.0  3.3
38.0  3.3
38.0  3.3
38.0  3.3
38.0  3.3
38.0  3.3
38.0  3.3
38.0  3.3
38.0  3.3
38.0  3.3
38.0  3.3
37.9  3.3
37.9  3.3
37.9  3.3
37.9  3.3
37.9  3.3
37.9  3.3
37.9  3.3
37.9  3.3
37.9  3.3
37.9  3.3
37.9  3.3
37.9  3.3
37.9  3.3
37.9  3.3
37.9  3.3
37.9  3.3
37.9  3.3
37.8  3.3
37.8  3.3
37.8  3.3
37.8  3.3
37.8  3.3
37.8  3.3
37.8  3.3
37.8  3.3
37.8  3.3
37.8  3.3
37.8  3.3
37.8  3.3
37.8  3.3
37.8  3.3
37.8  3.3
37.7  3.3
37.7  3.3
37.7  3.3
37.7  3.3
37.7  3.3
37.7  3.3
37.7  3.3
37.7  3.3
37.7  3.3
37.7  3.3
37.7  3.3
37.7  3.3
37.7  3.3
37.7  3.3
37.7  3.3
37.7  3.3
37.6  3.3
37.6  3.3
37.6  3.3
37.6  3.3
37.6  3.3
37.6  3.3
37.6  3.3
37.6  3.3
37.6  3.3
37.6  3.3
37.6  3.3
37.6  3.3
37.6  3.3
37.6  3.3
37.6  3.3
37.6  3.3
37.6  3.3
37.6  3.3
37.6  3.3
37.5  3.3
37.5  3.3
37.5  3.3
37.5  3.3
37.5  3.3
37.5  3.3
37.5  3.3
37.5  3.3
37.5  3.3
37.5  3.3
37.5  3.3
37.5  3.3
37.5  3.3
37.5  3.3
37.5  3.3
37.5  3.3
37.5  3.3
37.5  3.3
37.4  3.3
37.4  3.3
37.4  3.3
37.4  3.3
37.4  3.3
37.4  3.3
37.4  3.3
37.4  3.3
37.4  3.3
37.4  3.3
37.4  3.3
37.4  3.3
37.4  3.3
37.4  3.3
37.4  3.3
37.4  3.3
37.4  3.3
37.4  3.3
37.3  3.3
37.3  3.3
37.3  3.3
37.3  3.3
37.3  3.3
37.3  3.3
37.3  3.3
37.3  3.3
37.3  3.3
37.3  3.3
37.3  3.3
37.3  3.3
37.3  3.3
37.3  3.3
37.3  3.3
37.3  3.3
37.3  3.3
37.3  3.3
37.3  3.3
37.3  3.3
37.2  3.3
37.2  3.3
37.2  3.3
37.2  3.3
37.2  3.3
37.2  3.3
37.2  3.3
37.2  3.3
37.2  3.3
37.2  3.3
37.2  3.3
37.2  3.3
37.2  3.3
37.2  3.3
37.2  3.3
37.2  3.3
37.2  3.3
37.2  3.3
37.2  3.3
37.1  3.3
37.1  3.3
37.1  3.3
37.1  3.3
37.1  3.3
37.1  3.3
37.1  3.3
37.1  3.3
37.1  3.3
37.1  3.3
37.1  3.3
37.1  3.3
37.1  3.3
37.1  3.3
37.1  3.3
37.1  3.3
37.1  3.3
37.1  3.3
37.0  3.3
37.0  3.3
37.0  3.3
37.0  3.3
37.0  3.3
37.0  3.3
37.0  3.3
37.0  3.3
37.0  3.3
37.0  3.3
37.0  3.3
37.0  3.3
37.0  3.3
37.0  3.3
37.0  3.3
37.0  3.3
37.0  3.3
36.9  3.3
36.9  3.3
36.9  3.3
36.9  3.3
36.9  3.3
36.9  3.4
36.9  3.4
36.9  3.4
36.9  3.4
36.9  3.4
36.9  3.4
36.9  3.4
36.9  3.4
36.9  3.4
36.9  3.4
36.9  3.4
36.9  3.4
36.9  3.4
36.9  3.4
36.9  3.4
36.8  3.4
36.8  3.4
36.8  3.4
36.8  3.4
36.8  3.4
36.8  3.4
36.8  3.4
36.8  3.4
36.8  3.4
36.8  3.4
36.8  3.4
36.8  3.4
36.8  3.4
36.8  3.4
36.8  3.4
36.8  3.4
36.8  3.4
36.8  3.4
36.8  3.4
36.8  3.4
36.8  3.4
36.7  3.4
36.7  3.4
36.7  3.4
36.7  3.4
36.7  3.4
36.7  3.4
36.7  3.4
36.7  3.4
36.7  3.4
36.7  3.4
36.7  3.4
36.7  3.4
36.7  3.4
36.7  3.4
36.7  3.4
36.7  3.4
36.7  3.4
36.7  3.4
36.7  3.4
36.7  3.4
36.7  3.4
36.7  3.4
36.7  3.4
36.7  3.4
36.7  3.4
36.7  3.4
36.7  3.4
36.7  3.4
36.7  3.4
36.7  3.4
36.6  3.4
36.6  3.4
36.6  3.4
36.6  3.4
36.6  3.4
36.6  3.4
36.6  3.4
36.6  3.4
36.6  3.4
36.6  3.4
36.6  3.4
36.6  3.4
36.6  3.4
36.6  3.4
36.6  3.4
36.6  3.4
36.6  3.4
36.6  3.4
36.6  3.4
36.6  3.4
36.6  3.4
36.6  3.4
36.6  3.4
36.6  3.4
36.6  3.4
36.6  3.4
36.6  3.4
36.6  3.4
36.6  3.4
36.6  3.4
36.6  3.4
36.6  3.4
36.6  3.4
36.6  3.4
36.6  3.4
36.6  3.4
36.6  3.4
36.5  3.4
36.5  3.4
36.5  3.4
36.5  3.4
36.5  3.4
36.5  3.4
36.5  3.4
36.5  3.4
36.5  3.4
36.5  3.4
36.5  3.4
36.5  3.4
36.5  3.4
36.5  3.4
36.5  3.4
36.5  3.4
36.5  3.4
36.5  3.4
36.5  3.4
36.5  3.4
36.5  3.4
36.5  3.4
36.5  3.4
36.5  3.4
36.5  3.4
36.5  3.4
36.5  3.4
36.5  3.4
36.5  3.4
36.5  3.4
36.5  3.4
36.5  3.4
36.5  3.4
36.5  3.4
36.5  3.4
36.5  3.4
36.5  3.4
36.5  3.4
36.5  3.4
36.5  3.4
36.5  3.4
36.5  3.4
36.4  3.4
36.4  3.4
36.4  3.4
36.5  3.4
36.5  3.4
36.5  3.4
36.5  3.4
36.5  3.4
36.5  3.4
36.4  3.4
36.4  3.4
36.4  3.4
36.4  3.4
36.4  3.4
36.4  3.4
36.4  3.4
36.4  3.4
36.4  3.4
36.3  3.4
36.3  3.4
36.3  3.4
36.3  3.4
36.4  3.4
36.4  3.4
36.4  3.4
36.4  3.4
36.4  3.4
36.4  3.4
36.4  3.4
36.4  3.4
36.4  3.4
36.4  3.4
36.4  3.4
36.5  3.4
36.5  3.4
36.5  3.4
36.5  3.4
36.5  3.4
36.5  3.4
36.5  3.4
36.5  3.4
36.5  3.4
36.5  3.4
36.6  3.4
36.6  3.4
36.6  3.4
36.6  3.4
36.6  3.4
36.6  3.4
36.6  3.4
36.6  3.4
36.6  3.4
36.6  3.4
36.6  3.4
36.6  3.4
36.7  3.4
36.7  3.4
36.7  3.4
36.7  3.4
36.7  3.4
36.7  3.4
36.7  3.4
36.7  3.4
36.8  3.4
36.8  3.4
36.8  3.4
36.8  3.4
36.8  3.4
36.8  3.4
36.7  3.4
36.7  3.4
36.7  3.4
36.7  3.4
36.7  3.4
36.6  3.4
36.6  3.4
36.7  3.4
36.7  3.4
36.7  3.4
36.7  3.4
36.7  3.4
36.7  3.4
36.7  3.4
36.7  3.4
36.7  3.4
36.7  3.4
36.7  3.4
36.7  3.4
36.7  3.4
36.7  3.4
36.8  3.4
36.8  3.4
36.8  3.4
36.8  3.4
36.8  3.4
36.8  3.4
36.8  3.4
36.8  3.4
36.8  3.4
36.8  3.4
36.8  3.4
36.8  3.4
36.8  3.4
36.8  3.4
36.8  3.4
36.8  3.4
36.8  3.4
36.9  3.4
36.9  3.4
36.9  3.4
36.9  3.4
36.9  3.4
36.9  3.4
36.9  3.4
36.9  3.4
36.9  3.4
36.9  3.4
36.9  3.4
36.9  3.4
36.9  3.3
36.9  3.3
36.9  3.3
37.0  3.3
37.0  3.3
37.0  3.3
37.0  3.3
37.0  3.3
37.0  3.3
37.0  3.3
37.0  3.3
37.0  3.3
37.0  3.3
37.0  3.3
37.0  3.3
37.0  3.3
37.0  3.3
37.0  3.3
37.0  3.3
37.0  3.3
37.0  3.3
37.0  3.3
37.0  3.3
37.1  3.3
37.1  3.3
37.0  3.3
37.0  3.3
37.0  3.3
37.0  3.3
37.0  3.3
37.0  3.3
37.1  3.3
37.1  3.3
37.1  3.3
37.1  3.3
37.1  3.3
37.1  3.3
37.1  3.3
37.1  3.3
37.1  3.3
37.1  3.3
37.1  3.3
37.1  3.3
37.1  3.3
37.1  3.3
37.1  3.3
37.1  3.3
37.1  3.3
37.1  3.3
37.2  3.3
37.2  3.3
37.2  3.3
37.2  3.3
37.2  3.3
37.2  3.3
37.2  3.3
37.2  3.3
37.2  3.3
37.2  3.3
37.2  3.3
37.2  3.3
37.2  3.3
37.2  3.3
37.2  3.3
37.2  3.3
37.2  3.3
37.2  3.3
37.2  3.3
37.2  3.3
37.2  3.3
37.2  3.3
37.2  3.3
37.3  3.3
37.3  3.3
37.3  3.3
37.3  3.3
37.3  3.3
37.3  3.3
37.3  3.3
37.3  3.3
37.3  3.3
37.3  3.3
37.3  3.3
37.3  3.3
37.3  3.3
37.3  3.3
37.3  3.3
37.3  3.3
37.3  3.3
37.3  3.3
37.3  3.3
37.3  3.3
37.3  3.3
37.4  3.3
37.3  3.3
37.4  3.3
37.4  3.3
37.4  3.3
37.4  3.3
37.4  3.3
37.4  3.3
37.4  3.3
37.4  3.3
37.4  3.3
37.4  3.3
37.4  3.3
37.4  3.3
37.4  3.3
37.4  3.3
37.4  3.3
37.4  3.3
37.4  3.3
37.4  3.3
37.3  3.3
37.3  3.3
37.3  3.3
37.3  3.3
37.3  3.3
37.3  3.3
37.3  3.3
37.2  3.3
37.2  3.3
37.2  3.3
37.2  3.3
37.2  3.3
37.2  3.3
37.2  3.3
37.2  3.3
37.1  3.3
37.1  3.3
37.1  3.3
37.1  3.3
37.1  3.3
37.1  3.3
37.1  3.3
37.1  3.3
37.1  3.3
37.1  3.3
37.2  3.3
37.2  3.3
37.2  3.3
37.2  3.3
37.2  3.3
37.2  3.3
37.2  3.3
37.2  3.3
37.2  3.3
37.2  3.3
37.2  3.3
37.2  3.3
37.2  3.3
37.2  3.3
37.2  3.3
37.2  3.3
37.2  3.3
37.2  3.3
37.2  3.3
37.2  3.3
37.2  3.3
37.2  3.3
37.2  3.3
37.3  3.3
37.3  3.3
37.3  3.3
37.3  3.3
37.3  3.3
37.3  3.3
37.3  3.3
37.3  3.3
37.3  3.3
37.3  3.3
37.3  3.3
37.3  3.3
37.3  3.3
37.3  3.3
37.3  3.3
37.3  3.3
37.3  3.3
37.3  3.3
37.3  3.3
37.3  3.3
37.3  3.3
37.3  3.3
37.3  3.3
37.3  3.3
37.3  3.3
37.3  3.3
37.3  3.3
37.3  3.3
37.3  3.3
37.3  3.3
37.3  3.3
37.3  3.3
37.3  3.3
37.3  3.3
37.3  3.3
37.4  3.2
37.4  3.2
37.4  3.2
37.4  3.2
37.4  3.2
37.4  3.2
37.4  3.2
37.4  3.2
37.4  3.2
37.4  3.2
37.4  3.2
37.4  3.2
37.4  3.2
37.4  3.2
37.4  3.2
37.4  3.2
37.4  3.2
37.4  3.2
37.4  3.2
37.4  3.2
37.4  3.2
37.4  3.2
37.4  3.2
37.5  3.2
37.5  3.2
37.5  3.2
37.5  3.2
37.5  3.2
37.5  3.2
37.5  3.2
37.5  3.2
37.5  3.2
37.5  3.2
37.5  3.2
37.5  3.2
37.5  3.2
37.5  3.2
37.5  3.2
37.5  3.2
37.5  3.2
37.5  3.2
37.5  3.2
37.5  3.2
37.5  3.2
37.5  3.2
37.5  3.2
37.6  3.2
37.6  3.2
37.6  3.2
37.6  3.2
37.6  3.2
37.6  3.2
37.6  3.2
37.6  3.2
37.6  3.2
37.6  3.2
37.6  3.2
37.6  3.2
37.6  3.2
37.6  3.2
37.6  3.2
37.6  3.2
37.6  3.2
37.6  3.2
37.6  3.2
37.6  3.2
37.6  3.2
37.6  3.2
37.6  3.2
37.6  3.2
37.7  3.2
37.7  3.2
37.7  3.2
37.7  3.2
37.7  3.2
37.7  3.2
37.7  3.2
37.7  3.2
37.7  3.2
37.7  3.2
37.7  3.2
37.7  3.2
37.7  3.2
37.7  3.2
37.7  3.2
37.7  3.2
37.7  3.2
37.7  3.2
37.7  3.2
37.7  3.2
37.7  3.2
37.7  3.2
37.7  3.2
37.7  3.2
37.7  3.2
37.8  3.2
37.8  3.2
37.8  3.2
37.8  3.2
37.8  3.2
37.8  3.2
37.8  3.2
37.8  3.2
37.8  3.2
37.8  3.2
37.8  3.2
37.8  3.2
37.8  3.2
37.8  3.2
37.8  3.2
37.8  3.2
37.8  3.2
37.8  3.2
37.8  3.2
37.8  3.2
37.8  3.2
37.8  3.2
37.8  3.2
37.8  3.2
37.8  3.2
37.8  3.2
37.8  3.2
37.9  3.2
37.9  3.2
37.9  3.2
37.9  3.2
37.9  3.2
37.9  3.2
37.9  3.2
37.9  3.2
37.9  3.2
37.9  3.2
37.9  3.2
37.9  3.2
37.9  3.2
37.9  3.2
37.9  3.2
37.9  3.2
37.9  3.2
37.9  3.2
37.9  3.2
37.9  3.2
37.9  3.2
37.9  3.2
37.9  3.2
37.9  3.2
37.9  3.2
38.0  3.2
38.0  3.2
38.0  3.2
38.0  3.2
38.0  3.2
38.0  3.2
38.0  3.2
38.0  3.2
38.0  3.2
38.0  3.2
38.0  3.2
38.0  3.2
38.0  3.2
38.0  3.2
38.0  3.2
38.0  3.2
38.0  3.2
38.0  3.2
38.0  3.2
38.0  3.2
38.0  3.2
38.0  3.2
38.0  3.2
38.0  3.2
38.0  3.2
38.0  3.2
38.1  3.2
38.1  3.2
38.1  3.2
38.1  3.2
38.1  3.2
38.1  3.2
38.1  3.2
38.1  3.2
38.1  3.2
38.1  3.2
38.1  3.2
38.1  3.2
38.1  3.2
38.1  3.2
38.1  3.2
38.1  3.2
38.1  3.2
38.1  3.2
38.1  3.2
38.1  3.2
38.1  3.2
38.1  3.2
38.1  3.2
38.1  3.2
38.1  3.2
38.1  3.2
38.1  3.2
38.2  3.2
38.2  3.2
38.2  3.2
38.2  3.2
38.2  3.2
38.2  3.2
38.2  3.2
38.2  3.2
38.2  3.2
38.2  3.2
38.2  3.2
38.2  3.2
38.2  3.2
38.2  3.2
38.2  3.2
38.2  3.2
38.2  3.2
38.2  3.2
38.2  3.2
38.2  3.2
38.2  3.2
38.2  3.2
38.2  3.2
38.2  3.2
38.2  3.2
38.2  3.2
38.2  3.2
38.3  3.2
38.3  3.2
38.3  3.2
38.3  3.2
38.3  3.2
38.3  3.2
38.3  3.2
38.3  3.2
38.3  3.2
38.3  3.2
38.3  3.2
38.3  3.2
38.3  3.2
38.3  3.2
38.3  3.2
38.3  3.2
38.3  3.2
38.3  3.2
38.3  3.2
38.3  3.2
38.3  3.2
38.3  3.2
38.3  3.2
38.3  3.2
38.3  3.2
38.3  3.2
38.3  3.2
38.3  3.2
38.4  3.2
38.4  3.2
38.4  3.2
38.4  3.2
38.4  3.2
38.4  3.2
38.4  3.2
38.4  3.2
38.4  3.2
38.4  3.2
38.4  3.2
38.4  3.2
38.4  3.2
38.4  3.2
38.4  3.2
38.4  3.2
38.4  3.2
38.4  3.2
38.4  3.2
38.4  3.2
38.4  3.2
38.4  3.2
38.4  3.2
38.4  3.2
38.4  3.2
38.4  3.2
38.4  3.2
38.4  3.2
38.4  3.2
38.5  3.2
38.5  3.2
38.5  3.2
38.5  3.2
38.5  3.2
38.5  3.2
38.5  3.2
38.5  3.2
38.5  3.2
38.5  3.2
38.5  3.2
38.5  3.2
38.5  3.2
38.5  3.2
38.5  3.2
38.5  3.2
38.5  3.2
38.5  3.2
38.5  3.2
38.5  3.2
38.5  3.2
38.5  3.2
38.5  3.2
38.5  3.2
38.5  3.2
38.5  3.2
38.5  3.2
38.5  3.2
38.5  3.2
38.5  3.2
38.5  3.2
38.5  3.2
38.5  3.2
38.5  3.2
38.5  3.2
38.5  3.2
38.6  3.2
38.6  3.2
38.6  3.2
38.6  3.2
38.6  3.2
38.6  3.2
38.6  3.2
38.6  3.2
38.6  3.2
38.6  3.2
38.6  3.2
38.6  3.2
38.6  3.2
38.6  3.2
38.6  3.2
38.6  3.2
38.6  3.2
38.6  3.2
38.6  3.2
38.6  3.2
38.6  3.2
38.6  3.2
38.6  3.2
38.6  3.2
38.6  3.2
38.6  3.2
38.6  3.2
38.6  3.2
38.6  3.2
38.6  3.2
38.6  3.2
38.7  3.2
38.7  3.2
38.7  3.2
38.7  3.2
38.7  3.2
38.7  3.2
38.7  3.2
38.7  3.2
38.7  3.2
38.7  3.2
38.7  3.2
38.7  3.2
38.7  3.2
38.7  3.2
38.7  3.2
38.7  3.2
38.7  3.2
38.7  3.2
38.7  3.2
38.7  3.2
38.7  3.2
38.7  3.2
38.7  3.2
38.7  3.2
38.7  3.2
38.7  3.2
38.7  3.2
38.7  3.2
38.7  3.2
38.7  3.2
38.7  3.2
38.8  3.2
38.8  3.2
38.8  3.2
38.8  3.2
38.8  3.2
38.8  3.2
38.8  3.2
38.8  3.2
38.8  3.2
38.8  3.2
38.8  3.2
38.8  3.2
38.8  3.2
38.8  3.2
38.8  3.2
38.8  3.2
38.8  3.2
38.8  3.2
38.8  3.2
38.8  3.2
38.8  3.2
38.8  3.2
38.8  3.2
38.8  3.2
38.8  3.2
38.8  3.2
38.8  3.2
38.8  3.2
38.8  3.2
38.8  3.2
38.8  3.2
38.8  3.2
38.8  3.2
38.9  3.2
38.9  3.2
38.9  3.2
38.9  3.2
38.9  3.2
38.9  3.2
38.9  3.2
38.9  3.2
38.9  3.2
38.9  3.2
38.9  3.2
38.9  3.2
38.9  3.2
38.9  3.2
38.9  3.2
38.9  3.2
38.9  3.2
38.9  3.2
38.9  3.2
38.9  3.2
38.9  3.2
38.9  3.2
38.9  3.2
38.9  3.2
38.9  3.2
38.9  3.2
38.9  3.2
38.9  3.2
38.9  3.2
38.9  3.2
38.9  3.2
38.9  3.2
38.9  3.2
38.9  3.2
38.9  3.2
39.0  3.2
39.0  3.2
39.0  3.2
39.0  3.2
39.0  3.2
39.0  3.2
39.0  3.2
39.0  3.2
39.0  3.2
39.0  3.2
39.0  3.2
39.0  3.2
39.0  3.2
39.0  3.2
39.0  3.2
39.0  3.2
39.0  3.2
39.0  3.2
39.0  3.2
39.0  3.2
39.0  3.2
39.0  3.2
39.0  3.2
39.0  3.2
39.0  3.2
39.0  3.2
39.0  3.2
39.0  3.2
39.0  3.2
39.0  3.2
39.0  3.2
39.0  3.2
39.0  3.2
39.0  3.2
39.0  3.2
39.0  3.2
39.0  3.2
39.1  3.2
39.1  3.2
39.1  3.2
39.1  3.2
39.1  3.2
39.1  3.2
39.1  3.2
39.1  3.2
39.1  3.2
39.1  3.2
39.1  3.2
39.1  3.2
39.1  3.2
39.1  3.2
39.1  3.2
39.1  3.2
39.1  3.2
39.1  3.2
39.1  3.2
39.1  3.2
39.1  3.2
39.1  3.2
39.1  3.2
39.1  3.2
39.1  3.2
39.1  3.2
39.1  3.2
39.1  3.2
39.1  3.2
39.1  3.2
39.1  3.2
39.1  3.2
39.1  3.2
39.1  3.2
39.1  3.2
39.1  3.2
39.1  3.2
39.2  3.2
39.2  3.2
39.2  3.2
39.2  3.2
39.2  3.2
39.2  3.2
39.2  3.2
39.2  3.2
39.2  3.2
39.2  3.2
39.2  3.2
39.2  3.2
39.2  3.2
39.2  3.2
39.2  3.2
39.2  3.2
39.2  3.2
39.2  3.2
39.2  3.2
39.2  3.2
39.2  3.2
39.2  3.2
39.2  3.2
39.2  3.2
39.2  3.2
39.2  3.2
39.2  3.2
39.2  3.2
39.2  3.2
39.2  3.2
39.2  3.2
39.2  3.2
39.2  3.2
39.2  3.2
39.2  3.2
39.2  3.2
39.2  3.2
39.2  3.2
39.2  3.2
39.2  3.2
39.2  3.2
39.3  3.2
39.3  3.2
39.3  3.2
39.3  3.2
39.3  3.2
39.3  3.2
39.3  3.2
39.3  3.2
39.3  3.2
39.3  3.2
39.3  3.2
39.3  3.2
39.3  3.2
39.3  3.2
39.3  3.2
39.3  3.2
39.3  3.2
39.3  3.2
39.3  3.2
39.3  3.2
39.3  3.2
39.3  3.2
39.3  3.2
39.3  3.2
39.3  3.2
39.3  3.2
39.3  3.2
39.3  3.2
39.3  3.2
39.4  3.2
39.4  3.2
39.4  3.2
39.4  3.2
39.4  3.2
39.4  3.2
39.4  3.2
39.4  3.2
39.4  3.2
39.4  3.2
39.4  3.2
39.4  3.2
39.4  3.2
39.4  3.2
39.4  3.2
39.4  3.2
39.4  3.2
39.4  3.2
39.4  3.2
39.4  3.2
39.4  3.2
39.4  3.2
39.4  3.2
39.4  3.2
39.5  3.2
39.5  3.2
39.5  3.2
39.5  3.2
39.5  3.2
39.5  3.2
39.5  3.2
39.5  3.2
39.5  3.2
39.5  3.2
39.5  3.2
39.5  3.2
39.5  3.2
39.5  3.2
39.5  3.2
39.5  3.2
39.5  3.2
39.5  3.2
39.5  3.2
39.5  3.2
39.5  3.2
39.5  3.2
39.5  3.2
39.5  3.2
39.5  3.2
39.5  3.2
39.5  3.2
39.6  3.2
39.6  3.2
39.6  3.2
39.6  3.2
39.6  3.2
39.6  3.2
39.6  3.2
39.6  3.2
39.6  3.2
39.6  3.2
39.6  3.2
39.6  3.2
39.6  3.2
39.6  3.2
39.6  3.2
39.6  3.2
39.6  3.2
39.6  3.2
39.6  3.2
39.6  3.2
39.6  3.2
39.6  3.2
39.6  3.2
39.6  3.2
39.6  3.2
39.6  3.2
39.6  3.2
39.6  3.2
39.7  3.2
39.7  3.2
39.7  3.2
39.7  3.2
39.7  3.2
39.7  3.2
39.7  3.2
39.7  3.2
39.7  3.2
39.7  3.2
39.7  3.2
39.7  3.2
39.7  3.2
39.7  3.2
39.7  3.2
39.7  3.2
39.7  3.2
39.7  3.2
39.7  3.2
39.7  3.2
39.7  3.2
39.7  3.2
39.7  3.2
39.7  3.2
39.7  3.2
39.7  3.2
39.7  3.2
39.7  3.2
39.7  3.2
39.7  3.2
39.8  3.2
39.7  3.2
39.7  3.2
39.7  3.2
39.7  3.2
39.7  3.2
39.7  3.2
39.6  3.2
39.6  3.2
39.6  3.2
39.6  3.2
39.6  3.2
