 0.0  0.0
49.0  0.3
50.5  0.8
49.6  0.9
49.7  0.9
50.0  0.9
49.5  1.0
50.0  1.0
49.7  1.0
49.6  1.0
49.7  1.1
49.5  1.2
49.5  1.3
49.5  1.3
49.7  1.3
46.6  1.4
46.6  1.4
46.7  1.4
46.8  1.5
47.1  1.5
47.2  1.5
47.4  1.5
47.6  1.6
47.7  1.6
47.8  1.6
48.0  1.6
47.9  1.7
48.0  1.7
48.1  1.7
48.2  1.7
48.3  1.7
48.3  1.7
48.4  1.7
48.5  1.7
48.5  1.8
48.5  1.8
48.5  1.8
48.6  1.8
48.6  1.8
48.6  1.8
48.7  1.8
48.7  1.8
48.7  1.8
48.7  1.8
48.8  1.8
48.8  1.8
48.8  1.9
47.9  1.9
48.0  1.9
48.0  1.9
48.1  1.9
48.1  1.9
48.2  2.0
48.2  2.0
48.2  2.1
48.2  2.1
48.2  2.2
48.3  2.2
48.3  2.3
48.4  2.3
48.4  2.4
48.5  2.4
48.5  2.4
48.6  2.5
48.6  2.5
48.6  2.5
48.6  2.5
48.7  2.5
48.7  2.6
48.7  2.6
48.8  2.7
48.8  2.7
48.8  2.7
48.9  2.7
48.9  2.7
48.9  2.7
49.0  2.7
49.0  2.7
49.0  2.7
49.0  2.7
49.1  2.7
49.1  2.7
48.6  2.7
48.6  2.7
48.6  2.7
48.6  2.7
48.7  2.7
48.7  2.7
48.7  2.7
48.8  2.7
48.8  2.7
48.8  2.7
48.8  2.7
48.9  2.7
48.9  2.7
48.9  2.7
48.9  2.7
49.0  2.7
49.0  2.7
49.0  2.8
49.0  2.8
49.0  2.8
49.1  2.8
49.1  2.8
49.1  2.8
49.1  2.8
49.1  2.8
49.2  2.8
49.2  2.8
49.2  2.8
49.2  2.8
49.2  2.8
49.2  2.8
49.3  2.8
49.3  2.8
49.3  2.8
48.9  2.8
48.9  2.8
49.0  2.8
49.0  2.8
49.0  2.8
49.0  2.8
49.0  2.8
49.0  2.8
49.0  2.9
49.1  2.9
49.1  2.9
49.1  2.9
49.1  2.9
49.1  2.9
49.2  2.9
49.2  2.9
49.2  2.9
49.2  2.9
49.2  2.9
49.2  2.9
49.2  2.9
49.3  2.9
49.3  2.9
49.3  2.9
49.3  2.9
49.3  2.9
49.3  2.9
49.3  2.9
49.4  2.9
49.4  2.9
49.4  2.9
49.4  2.9
49.4  2.9
49.4  2.9
49.4  2.9
49.1  3.0
49.1  3.0
49.1  3.0
49.2  3.0
49.2  3.0
49.2  3.0
49.2  3.0
49.2  3.0
49.2  3.0
49.2  3.0
49.2  3.0
49.2  3.0
49.2  3.0
49.3  3.0
49.3  3.0
49.3  3.0
49.3  3.0
49.3  3.0
49.3  3.0
49.3  3.0
49.3  3.0
49.3  3.0
49.3  3.0
49.3  3.0
49.4  3.0
49.4  3.0
49.4  3.0
49.4  3.0
49.4  3.0
49.4  3.0
49.4  3.0
49.4  3.0
49.4  3.0
49.3  3.0
49.3  3.0
49.0  3.0
49.0  3.0
49.0  3.0
49.0  3.0
49.0  3.0
49.0  3.0
49.0  3.0
49.0  3.0
49.0  3.0
49.0  3.0
49.0  3.0
49.0  3.0
49.1  3.0
49.1  3.0
49.1  3.0
49.1  3.0
49.1  3.0
49.1  3.0
49.1  3.0
49.1  3.0
49.1  3.0
49.1  3.0
49.1  3.0
49.2  3.0
49.2  3.0
49.2  3.0
49.2  3.0
49.2  3.0
49.2  3.0
49.2  3.0
49.2  3.0
49.2  3.0
49.2  3.0
49.2  3.0
49.2  3.0
49.0  3.0
49.0  3.0
49.0  3.0
49.0  3.0
49.0  3.0
49.0  3.0
49.1  3.0
49.1  3.0
49.1  3.0
49.1  3.0
49.1  3.0
49.1  3.0
49.1  3.0
49.1  3.0
49.1  3.0
49.1  3.0
49.1  3.0
49.1  3.0
49.1  3.0
49.1  3.0
49.1  3.0
49.1  3.0
49.1  3.0
49.1  3.1
49.1  3.1
49.1  3.1
49.1  3.1
49.1  3.1
49.1  3.1
49.0  3.1
49.0  3.1
49.0  3.1
49.0  3.1
48.8  3.1
48.8  3.1
48.8  3.1
48.8  3.1
48.8  3.1
48.8  3.1
48.9  3.1
48.9  3.1
48.9  3.1
48.9  3.1
48.9  3.1
48.9  3.1
48.9  3.1
48.9  3.1
48.9  3.1
48.9  3.1
48.9  3.1
48.9  3.1
49.0  3.1
49.0  3.1
49.0  3.1
49.0  3.1
49.0  3.1
49.0  3.1
49.0  3.1
49.0  3.1
49.0  3.1
49.0  3.1
49.0  3.1
49.0  3.1
49.0  3.1
49.0  3.1
49.1  3.1
49.1  3.1
49.1  3.1
49.1  3.1
49.1  3.1
49.1  3.1
48.9  3.1
48.9  3.1
48.9  3.1
48.9  3.1
48.9  3.1
49.0  3.1
49.0  3.1
49.0  3.1
49.0  3.1
49.0  3.1
49.0  3.1
49.0  3.1
49.0  3.1
49.0  3.1
49.0  3.1
49.0  3.1
49.0  3.1
49.0  3.1
49.0  3.1
49.0  3.1
49.0  3.1
49.1  3.1
49.1  3.1
49.1  3.1
49.1  3.1
49.1  3.1
49.1  3.1
49.1  3.1
49.1  3.1
49.1  3.1
49.1  3.1
49.1  3.1
49.1  3.1
49.1  3.1
49.1  3.1
49.0  3.1
49.0  3.1
49.0  3.1
49.0  3.1
49.0  3.1
49.0  3.1
49.0  3.1
49.0  3.1
49.0  3.1
49.1  3.1
49.1  3.1
49.1  3.1
49.1  3.1
49.1  3.1
49.1  3.1
49.1  3.1
49.1  3.1
49.1  3.1
49.1  3.1
49.1  3.1
49.1  3.1
49.1  3.1
49.1  3.1
49.1  3.1
49.1  3.1
49.1  3.1
49.1  3.1
49.1  3.1
49.1  3.1
49.1  3.1
49.1  3.1
49.1  3.1
49.1  3.1
49.1  3.1
49.0  3.1
49.0  3.1
49.0  3.1
49.0  3.1
49.0  3.1
49.0  3.1
49.0  3.1
49.0  3.1
49.0  3.1
49.0  3.1
49.0  3.1
49.0  3.1
49.1  3.1
49.1  3.1
49.1  3.1
49.1  3.1
49.1  3.1
49.1  3.1
49.1  3.1
49.1  3.1
49.1  3.1
49.0  3.1
49.0  3.1
49.0  3.1
49.0  3.1
49.0  3.1
49.0  3.1
49.0  3.1
49.0  3.1
49.0  3.1
49.1  3.1
49.1  3.1
49.1  3.1
49.1  3.1
48.9  3.1
49.0  3.1
49.0  3.1
49.0  3.1
49.0  3.1
49.0  3.1
49.0  3.1
49.0  3.1
49.0  3.1
49.0  3.1
49.0  3.1
49.0  3.1
49.0  3.1
49.0  3.1
49.0  3.1
49.0  3.1
49.0  3.1
49.0  3.1
49.0  3.1
49.0  3.1
49.0  3.1
49.0  3.1
49.0  3.1
49.0  3.1
49.0  3.1
49.0  3.1
49.0  3.1
49.0  3.1
49.0  3.1
49.0  3.1
49.0  3.1
49.0  3.1
48.9  3.1
48.9  3.1
48.9  3.1
48.9  3.1
48.9  3.1
48.9  3.1
48.9  3.1
48.9  3.1
48.9  3.1
48.9  3.1
48.9  3.1
49.0  3.1
49.0  3.1
49.0  3.1
49.0  3.1
49.0  3.1
49.0  3.1
49.0  3.1
49.0  3.1
49.0  3.1
49.0  3.1
49.0  3.1
49.0  3.1
49.0  3.1
49.0  3.1
49.0  3.1
49.0  3.1
49.0  3.1
49.0  3.1
49.0  3.1
48.9  3.1
48.9  3.1
48.9  3.1
48.9  3.1
48.9  3.1
49.0  3.1
49.0  3.1
49.0  3.1
49.0  3.1
49.0  3.1
49.0  3.1
49.0  3.1
48.9  3.1
48.9  3.1
48.9  3.1
48.8  3.1
48.8  3.1
48.8  3.1
48.7  3.1
48.7  3.1
48.7  3.1
48.6  3.1
48.6  3.1
48.6  3.1
48.5  3.1
48.5  3.1
48.5  3.1
48.5  3.1
48.5  3.1
48.5  3.1
48.5  3.1
48.5  3.1
48.5  3.1
48.5  3.1
48.5  3.1
48.5  3.1
48.4  3.1
48.4  3.1
48.4  3.1
48.4  3.1
48.4  3.1
48.4  3.1
48.3  3.1
48.3  3.1
48.2  3.1
48.2  3.1
48.1  3.1
48.1  3.1
48.1  3.1
48.0  3.1
48.0  3.1
48.0  3.1
48.0  3.1
47.9  3.1
47.9  3.1
47.9  3.1
47.9  3.1
47.8  3.1
47.8  3.1
47.7  3.1
47.6  3.1
47.5  3.1
47.4  3.1
47.3  3.1
47.2  3.1
47.2  3.1
47.1  3.1
47.0  3.1
46.9  3.1
46.8  3.1
46.7  3.1
46.6  3.1
46.6  3.1
46.5  3.1
46.4  3.1
46.3  3.1
46.2  3.1
46.1  3.1
46.0  3.1
46.0  3.1
45.9  3.1
45.8  3.1
45.7  3.1
45.6  3.1
45.5  3.1
45.5  3.1
45.4  3.1
45.3  3.1
45.2  3.1
45.1  3.1
45.1  3.1
45.0  3.1
44.9  3.1
44.8  3.1
44.7  3.1
44.7  3.1
44.6  3.1
44.5  3.1
44.4  3.1
44.4  3.1
44.3  3.1
44.2  3.1
44.1  3.1
44.0  3.1
44.0  3.1
43.9  3.1
43.8  3.1
43.7  3.1
43.7  3.1
43.6  3.1
43.5  3.1
43.4  3.1
43.4  3.1
43.3  3.1
43.2  3.1
43.1  3.1
43.1  3.1
43.0  3.1
42.9  3.1
42.9  3.1
42.8  3.1
42.7  3.1
42.6  3.1
42.6  3.1
42.4  3.1
42.3  3.1
42.3  3.1
42.2  3.1
42.1  3.1
42.1  3.1
42.0  3.1
41.9  3.1
41.9  3.1
41.8  3.1
41.7  3.1
41.7  3.1
41.6  3.1
41.5  3.1
41.4  3.1
41.4  3.1
41.3  3.1
41.2  3.1
41.2  3.1
41.1  3.1
41.0  3.1
41.0  3.1
40.9  3.1
40.8  3.1
40.8  3.1
40.7  3.1
40.6  3.1
40.6  3.1
40.5  3.1
