 0.0
48.0
50.5
50.0
50.5
50.6
50.6
50.7
50.8
50.8
50.9
50.9
50.9
51.0
50.9
50.9
50.9
50.9
50.9
50.8
50.9
50.9
50.9
48.8
48.9
49.0
49.0
49.1
49.2
49.3
49.3
49.4
49.4
49.5
49.5
49.6
49.6
49.6
49.6
49.7
49.7
49.7
49.8
49.8
49.8
49.8
49.9
49.9
49.4
49.5
49.5
49.5
49.5
49.6
49.6
49.6
49.7
49.7
49.7
48.9
49.0
49.0
49.0
49.0
49.0
49.1
49.1
49.1
49.1
49.2
49.2
49.2
49.1
49.1
49.1
49.2
49.2
49.2
49.2
49.2
49.3
49.3
49.3
49.3
49.3
49.3
49.4
49.4
49.4
49.4
49.4
49.4
49.4
49.5
49.5
49.5
49.5
49.5
49.5
49.6
49.1
49.1
49.1
49.1
49.1
49.2
49.2
49.2
49.2
49.2
49.3
49.3
49.3
49.3
49.3
49.3
49.4
49.4
49.4
49.4
49.4
49.4
49.4
49.5
49.5
49.5
49.5
49.5
49.5
49.5
49.5
49.6
49.6
49.6
49.6
49.6
49.6
49.3
49.3
49.3
49.3
49.3
49.3
49.3
49.4
49.4
49.4
49.4
49.4
49.4
49.4
49.4
49.4
49.5
49.5
49.5
49.5
49.5
49.5
49.5
49.5
49.5
49.5
49.6
49.6
49.6
49.6
49.6
49.6
49.6
49.6
49.6
49.6
49.6
49.4
49.4
49.4
49.4
49.4
49.4
49.4
49.4
49.4
49.5
49.5
49.5
49.5
49.5
49.5
49.5
49.5
49.5
49.5
49.5
49.5
49.6
49.6
49.6
49.6
49.6
49.6
49.6
49.6
49.6
49.6
49.6
49.6
49.6
49.6
49.6
49.6
49.6
49.5
49.0
48.8
48.6
48.4
48.1
47.9
47.7
47.5
47.3
47.1
46.9
46.7
46.5
46.3
46.1
45.9
45.7
45.5
45.3
45.1
44.9
44.7
44.5
44.4
44.2
44.0
43.8
43.6
43.5
43.3
43.1
42.9
42.8
42.6
42.4
42.3
42.1
41.9
41.8
41.6
41.4
41.3
41.1
41.0
40.8
40.7
40.5
40.4
40.2
40.1
39.9
39.8
