 0.0  0.0
77.0  0.7
84.5  1.1
89.6  1.5
92.2  2.0
93.8  2.3
94.3  2.4
95.1  2.5
95.7  2.5
96.2  2.5
93.0  2.6
93.4  2.6
93.9  2.6
94.4  2.7
94.8  2.7
95.1  2.7
95.4  2.8
95.7  2.8
96.0  2.8
96.1  2.8
96.3  2.8
96.5  2.8
96.7  2.8
96.8  2.8
97.0  2.8
96.6  2.8
96.7  2.8
96.8  2.8
96.2  2.8
93.8  2.8
94.0  2.8
94.2  2.8
94.4  2.8
94.6  2.8
94.7  2.8
94.8  2.8
95.0  2.8
94.7  2.8
94.8  2.8
94.8  2.8
94.1  2.8
93.7  2.8
93.5  2.8
93.7  2.8
93.8  2.8
92.5  2.8
92.4  2.8
92.5  2.8
92.7  2.8
92.7  2.8
92.9  2.8
93.0  2.8
93.1  2.8
93.2  2.8
93.3  2.8
93.1  2.8
93.2  2.9
93.3  2.9
93.3  2.9
93.0  2.9
93.1  2.9
93.2  3.0
93.3  3.0
93.3  3.0
93.4  3.0
93.4  3.0
93.5  3.0
93.5  3.1
93.6  3.1
93.7  3.1
93.5  3.1
93.1  3.1
93.2  3.1
93.3  3.1
93.3  3.1
93.3  3.1
93.0  3.1
92.9  3.1
93.0  3.1
93.1  3.1
92.9  3.1
92.9  3.1
92.9  3.1
93.0  3.1
93.0  3.1
93.0  3.1
93.1  3.1
93.1  3.1
93.2  3.1
93.2  3.1
93.2  3.1
93.3  3.2
93.3  3.2
93.4  3.2
93.5  3.3
93.5  3.3
93.5  3.3
93.6  3.3
93.6  3.3
93.7  3.3
93.5  3.3
93.5  3.3
93.5  3.3
93.5  3.3
93.5  3.3
93.5  3.3
93.3  3.3
93.3  3.3
93.3  3.3
93.3  3.3
93.3  3.3
93.4  3.3
93.4  3.3
93.4  3.3
93.4  3.3
93.3  3.3
93.3  3.3
93.3  3.3
93.3  3.3
93.3  3.3
93.3  3.3
93.4  3.3
93.4  3.3
93.4  3.3
93.2  3.3
92.6  3.3
92.5  3.3
92.5  3.3
92.5  3.3
92.6  3.3
92.5  3.3
92.4  3.3
92.5  3.3
92.5  3.3
92.5  3.3
92.5  3.3
92.4  3.3
92.4  3.3
92.5  3.3
92.5  3.3
92.5  3.3
92.5  3.3
92.6  3.3
92.6  3.3
92.6  3.3
92.6  3.3
92.6  3.3
92.6  3.3
92.6  3.3
92.6  3.3
92.6  3.3
92.5  3.3
92.5  3.3
92.6  3.3
92.6  3.3
92.6  3.3
92.6  3.3
92.6  3.3
92.7  3.3
92.7  3.3
92.6  3.3
92.2  3.3
91.9  3.3
91.6  3.3
91.5  3.3
91.6  3.3
91.5  3.3
91.6  3.3
91.6  3.3
91.6  3.3
91.7  3.3
91.7  3.3
91.7  3.3
91.5  3.3
91.5  3.3
91.6  3.3
91.4  3.3
91.4  3.3
91.4  3.3
91.4  3.3
91.4  3.3
91.3  3.3
91.3  3.3
91.3  3.3
91.4  3.3
91.4  3.3
91.4  3.3
91.4  3.3
91.4  3.3
91.4  3.3
91.5  3.3
91.3  3.3
91.1  3.3
91.1  3.3
91.1  3.3
91.2  3.3
91.1  3.3
91.2  3.3
91.2  3.3
91.1  3.3
91.1  3.3
91.1  3.3
91.1  3.3
91.2  3.3
91.2  3.3
91.2  3.3
91.1  3.3
90.9  3.3
90.9  3.3
91.0  3.3
91.0  3.3
91.0  3.3
90.8  3.3
90.8  3.3
90.8  3.3
90.8  3.3
90.9  3.3
90.9  3.3
90.9  3.3
91.0  3.3
91.0  3.4
91.0  3.4
90.9  3.4
91.0  3.4
91.0  3.4
91.0  3.4
91.0  3.4
90.7  3.4
90.7  3.4
90.7  3.4
90.8  3.4
90.8  3.4
90.8  3.4
90.8  3.4
90.8  3.4
90.9  3.4
90.9  3.4
90.7  3.4
90.7  3.4
90.8  3.4
90.8  3.4
90.8  3.4
90.8  3.4
90.8  3.4
90.8  3.4
90.8  3.4
90.8  3.4
90.8  3.4
90.8  3.4
90.8  3.4
90.9  3.5
90.9  3.5
90.6  3.5
90.5  3.5
90.5  3.5
90.6  3.5
90.6  3.5
90.6  3.5
90.4  3.5
90.4  3.5
90.4  3.5
90.4  3.5
90.4  3.5
90.4  3.5
90.4  3.5
90.4  3.5
90.2  3.5
90.0  3.5
89.9  3.6
90.0  3.6
90.0  3.6
90.0  3.6
90.0  3.6
90.0  3.6
90.0  3.6
90.1  3.6
90.1  3.6
90.1  3.6
90.1  3.6
90.1  3.6
90.2  3.6
90.1  3.6
90.1  3.6
90.0  3.6
90.0  3.6
90.0  3.7
90.1  3.7
90.1  3.7
89.9  3.7
89.7  3.7
89.8  3.7
89.8  3.7
89.8  3.7
89.7  3.7
89.6  3.7
89.6  3.7
89.7  3.7
89.7  3.7
89.7  3.7
89.7  3.7
89.7  3.7
89.7  3.7
89.8  3.7
89.8  3.8
89.8  3.8
89.9  3.8
89.9  3.8
89.9  3.8
89.9  3.8
89.9  3.8
89.9  3.8
89.9  3.8
89.9  3.8
89.9  3.8
89.9  3.8
90.0  3.8
89.9  3.8
89.9  3.8
89.9  3.8
89.8  3.8
89.8  3.8
89.9  3.8
89.9  3.8
89.9  3.8
89.8  3.8
89.8  3.8
89.8  3.8
89.9  3.8
89.9  3.8
89.6  3.8
89.5  3.8
89.5  3.8
89.5  3.8
89.5  3.8
89.5  3.8
89.6  3.8
89.6  3.8
89.6  3.8
89.6  3.8
89.6  3.8
89.7  3.8
89.7  3.9
89.7  3.9
89.7  3.9
89.8  3.9
89.8  3.9
89.8  3.9
89.8  3.9
89.9  3.9
89.9  3.9
89.9  3.9
90.0  3.9
90.0  3.9
89.8  3.9
89.7  3.9
89.7  3.9
89.7  3.9
89.8  3.9
89.8  3.9
89.8  3.9
89.8  3.9
89.8  3.9
89.8  3.9
89.9  3.9
89.9  3.9
89.9  3.9
89.9  3.9
89.9  3.9
90.0  3.9
89.9  3.9
89.9  3.9
89.9  3.9
89.9  3.9
90.0  3.9
90.0  3.9
89.8  3.9
89.8  3.9
89.7  3.9
89.5  3.9
89.5  3.9
89.5  3.9
89.5  3.9
89.6  3.9
89.6  3.9
89.6  3.9
89.6  3.9
89.7  3.9
89.7  3.9
89.7  3.9
89.6  3.9
89.5  3.9
89.5  3.9
89.5  3.9
89.5  3.9
89.6  3.9
89.6  3.9
89.6  3.9
89.6  3.9
89.6  3.9
89.7  3.9
89.5  3.9
89.5  3.9
89.6  3.9
89.6  3.9
89.6  3.9
89.6  3.9
89.5  3.9
89.5  3.9
89.5  3.9
89.6  3.9
89.6  3.9
89.6  3.9
89.6  3.9
89.6  3.9
89.6  3.9
89.6  3.9
89.7  3.9
89.7  3.9
89.7  3.9
89.7  3.9
89.8  3.9
89.8  3.9
89.8  3.9
89.8  3.9
89.8  3.9
89.6  3.9
89.4  3.9
89.3  3.9
89.2  3.9
89.1  3.9
89.1  3.9
89.1  3.9
89.1  3.9
89.1  3.9
89.1  3.9
89.2  3.9
89.2  3.9
89.2  3.9
89.2  3.9
89.2  3.9
89.2  3.9
89.2  3.9
89.2  3.9
89.2  3.9
89.2  3.9
89.3  3.9
89.3  3.9
89.3  3.9
89.3  3.9
89.4  3.9
89.4  3.9
89.3  3.9
89.4  3.9
89.4  3.9
89.4  3.9
89.4  3.9
89.4  3.9
89.5  3.9
89.5  3.9
89.5  3.9
89.5  3.9
89.5  3.9
89.5  3.9
89.5  3.9
89.5  3.9
89.5  3.9
89.6  3.9
89.6  3.9
89.6  3.9
89.6  3.9
89.6  3.9
89.6  3.9
89.7  3.9
89.7  3.9
89.7  3.9
89.7  3.9
89.7  3.9
89.7  3.9
89.7  3.9
89.7  3.9
89.8  3.9
89.7  3.9
89.7  3.9
89.8  3.9
89.8  3.9
89.8  3.9
89.8  3.9
89.7  3.9
89.8  3.9
89.8  3.9
89.8  3.9
89.8  3.9
89.8  3.9
89.9  3.9
89.9  3.9
89.9  3.9
89.9  3.9
89.9  3.9
90.0  3.9
90.0  3.9
90.0  3.9
90.0  3.9
90.0  3.9
90.1  3.9
90.1  3.9
90.1  3.9
90.1  3.9
90.1  3.9
90.1  3.9
90.1  3.9
90.1  3.9
90.1  3.9
90.1  3.9
90.1  3.9
90.1  3.9
90.1  3.9
90.1  3.9
90.1  3.9
90.1  3.9
90.1  3.9
90.1  3.9
90.1  3.9
90.1  3.9
90.2  3.9
90.2  3.9
90.2  3.9
90.2  3.9
90.2  3.9
90.2  3.9
90.2  3.9
90.2  3.9
90.2  3.9
90.3  3.9
90.3  3.9
90.3  3.9
90.3  3.9
90.3  3.9
90.3  3.9
90.3  3.9
90.3  3.9
90.3  3.9
90.3  3.9
90.3  3.9
90.3  3.9
90.3  3.9
90.3  3.9
90.4  3.9
90.3  3.9
90.3  3.9
90.3  3.9
90.3  3.9
90.4  3.9
90.4  3.9
90.4  3.9
90.4  3.9
90.4  3.9
90.4  3.9
90.5  3.9
90.5  3.9
90.5  3.9
90.5  3.9
90.5  3.9
90.5  3.9
90.6  3.9
90.6  3.9
90.6  3.9
90.6  3.9
90.5  3.9
90.5  3.9
90.5  3.9
90.6  3.9
90.6  3.9
90.6  3.9
90.6  3.9
90.6  3.9
90.6  3.9
90.6  3.9
90.6  3.9
90.6  3.9
90.7  3.9
90.7  3.9
90.7  3.9
90.7  3.9
90.7  3.9
90.7  3.9
90.7  3.9
90.7  3.9
90.8  3.9
90.8  3.9
90.8  3.9
90.8  3.9
90.8  3.9
90.7  3.9
90.7  3.9
90.7  3.9
90.8  3.9
90.8  3.9
90.7  3.9
90.7  3.9
90.7  3.9
90.5  3.9
90.4  3.9
90.2  3.9
90.1  3.9
89.9  3.9
89.8  3.9
89.6  3.9
89.5  3.9
89.3  3.9
89.2  3.9
89.1  3.9
88.9  3.9
88.8  3.9
88.6  3.9
88.5  3.9
88.3  3.9
88.2  3.9
88.0  3.9
87.9  3.9
87.8  3.9
87.6  3.9
87.5  3.9
87.3  3.9
87.2  3.9
87.1  3.9
86.9  3.9
86.8  3.9
86.6  3.9
86.5  3.9
86.4  3.9
86.2  3.9
86.1  3.9
86.0  3.9
85.8  3.9
85.7  3.9
85.6  3.9
85.4  3.9
85.3  3.9
85.1  3.9
85.0  3.9
84.9  3.9
84.8  3.9
84.6  3.9
84.5  3.9
84.4  3.9
84.2  3.9
84.1  3.9
84.0  3.9
83.8  3.9
83.7  3.9
83.6  3.9
83.5  3.9
83.3  3.9
83.2  3.9
83.1  3.9
82.9  3.9
82.8  3.9
82.7  3.9
82.6  3.9
82.4  3.9
82.3  3.9
82.2  3.9
82.1  3.9
81.9  3.9
81.8  3.9
81.7  3.9
81.6  3.9
81.5  3.9
81.3  3.9
81.2  3.9
81.1  3.9
81.0  3.9
80.8  3.9
80.7  3.9
80.6  3.9
80.5  3.9
80.4  3.9
80.3  3.9
80.1  3.9
79.9  3.9
79.8  3.9
79.7  3.9
79.5  3.9
79.4  3.9
79.3  3.9
79.2  3.9
79.1  3.9
79.0  3.9
78.9  3.9
78.7  3.9
78.6  3.9
78.5  3.9
78.4  3.9
78.3  3.9
78.2  3.9
78.1  3.9
78.0  3.9
77.8  3.9
77.7  3.9
77.6  3.9
77.5  3.9
77.4  3.9
77.3  3.9
77.2  3.9
77.1  3.9
77.0  3.9
76.8  3.9
76.7  3.9
76.6  3.9
76.5  3.9
76.4  3.9
76.3  3.9
76.2  3.9
76.1  3.9
76.0  3.9
75.9  3.9
75.8  3.9
75.7  3.9
75.6  3.9
75.5  3.9
75.4  3.9
75.3  3.9
75.2  3.9
75.0  3.9
74.9  3.9
74.8  3.9
74.7  3.9
74.6  3.9
74.5  3.9
74.4  3.9
74.3  3.9
74.2  3.9
74.1  3.9
74.0  3.9
73.9  3.9
73.8  3.9
73.7  3.9
73.6  3.9
73.5  3.9
73.4  3.9
73.3  3.9
73.2  3.9
73.1  3.9
73.0  3.9
72.9  3.9
72.8  3.9
72.7  3.9
72.6  3.9
72.5  3.9
72.4  3.9
72.4  3.9
72.3  3.9
72.2  3.9
72.1  3.9
72.0  3.9
71.9  3.9
71.8  3.9
71.7  3.9
71.6  3.9
71.5  3.9
71.4  3.9
71.3  3.9
71.2  3.9
71.1  3.9
