 0.0  0.1
65.0  0.5
69.0  0.9
70.3  0.9
72.5  1.0
71.4  1.1
71.3  1.1
70.7  1.2
70.2  1.2
69.4  1.3
69.9  1.4
69.8  1.4
70.0  1.5
70.1  1.5
70.5  1.6
70.8  1.6
66.7  1.7
67.1  1.7
67.4  1.7
67.7  1.8
68.0  1.8
68.3  1.8
68.5  1.8
68.7  1.8
68.9  1.9
69.2  1.9
69.5  1.9
69.7  1.9
69.7  1.9
69.8  2.0
70.0  2.0
70.1  2.0
70.3  2.0
70.7  2.0
70.9  2.0
71.3  2.0
71.4  2.0
70.0  2.0
68.2  2.0
66.5  2.0
64.9  2.0
63.3  2.0
61.8  2.0
60.4  2.0
59.1  2.0
57.8  2.0
56.6  2.0
55.4  2.0
54.3  2.0
53.2  2.0
52.1  2.0
51.1  2.0
50.2  2.0
49.2  2.0
48.3  2.0
47.5  2.0
46.6  2.0
45.8  2.0
45.1  2.0
44.3  2.0
43.6  2.0
42.9  2.0
42.2  2.0
41.5  2.0
40.9  2.0
40.3  2.0
39.7  2.0
39.1  2.0
38.5  2.0
38.0  2.0
37.4  2.0
36.9  2.0
36.4  2.0
35.9  2.0
35.4  2.0
35.0  2.0
34.5  2.0
34.1  2.0
33.6  2.0
33.2  2.0
32.8  2.0
32.4  2.0
32.0  2.0
31.6  2.0
31.3  2.0
30.9  2.0
30.5  2.0
30.2  2.0
29.8  2.0
29.5  2.0
29.2  2.0
28.9  2.0
28.6  2.0
28.3  2.0
28.0  2.0
27.7  2.0
27.4  2.0
27.1  2.0
26.6  2.0
26.3  2.0
26.0  2.0
25.8  2.0
25.5  2.0
25.3  2.0
25.1  2.0
24.8  2.0
24.6  2.0
24.4  2.0
24.2  2.0
23.9  2.0
23.7  2.0
23.5  2.0
23.3  2.0
23.1  2.0
22.9  2.0
22.7  2.0
22.5  2.0
22.3  2.0
22.1  2.0
22.0  2.0
21.8  2.0
21.6  2.0
21.4  2.0
21.2  2.0
21.1  2.0
20.9  2.0
20.7  2.0
20.6  2.0
20.4  2.0
20.3  2.0
20.1  2.0
20.0  2.0
19.8  2.0
19.7  2.0
19.5  2.0
19.4  2.0
19.2  2.0
19.1  2.0
19.0  2.0
18.8  2.0
18.7  2.0
18.6  2.0
18.4  2.0
18.3  2.0
18.2  2.0
18.1  2.0
17.9  2.0
17.8  2.0
17.7  2.0
17.6  2.0
17.5  2.0
17.4  2.0
17.2  2.0
17.1  2.0
17.0  2.0
16.9  2.0
16.8  2.0
16.7  2.0
16.6  2.0
16.5  2.0
16.4  2.0
16.3  2.0
16.2  2.0
16.1  2.0
16.0  2.0
15.9  2.0
15.8  2.0
15.7  2.0
15.6  2.0
15.5  2.0
15.4  2.0
15.3  2.0
15.3  2.0
15.2  2.0
15.1  2.0
15.0  2.0
14.9  2.0
14.8  2.0
14.7  2.0
14.7  2.0
14.6  2.0
14.5  2.0
14.4  2.0
14.7  2.0
14.7  2.0
14.8  2.0
14.8  2.0
15.0  2.0
14.9  2.0
15.0  2.0
15.3  2.0
15.7  2.0
16.2  2.0
16.6  2.0
17.0  2.0
17.5  2.0
17.9  2.0
18.3  2.0
18.7  2.0
19.1  2.0
19.6  2.0
20.0  2.0
20.4  2.0
20.8  2.0
21.0  2.0
21.4  2.0
21.8  2.0
22.2  2.0
22.6  2.0
23.0  2.0
23.3  2.0
23.7  2.0
24.0  2.0
24.4  2.0
24.8  2.0
25.1  2.0
25.5  2.0
25.8  2.0
26.2  2.0
26.5  2.0
26.8  2.0
27.2  2.0
27.5  2.0
27.5  2.0
27.4  2.0
27.2  2.0
27.1  2.0
27.0  2.0
26.9  2.0
26.8  2.0
26.6  2.0
26.5  2.0
26.4  2.0
26.3  2.0
26.2  2.0
26.1  2.0
26.0  2.0
25.9  2.0
25.8  2.0
25.7  2.0
25.6  2.0
25.4  2.0
25.3  2.0
25.2  2.0
25.1  2.0
25.0  2.0
24.9  2.0
24.8  2.0
24.7  2.0
24.6  2.0
24.5  2.0
24.4  2.0
24.3  2.0
24.3  2.0
24.2  2.0
24.1  2.0
24.0  2.0
23.9  2.0
23.8  2.0
23.7  2.0
23.6  2.0
23.5  2.0
23.4  2.0
23.3  2.0
23.3  2.0
23.2  2.0
23.1  2.0
23.0  2.0
22.9  2.0
22.8  2.0
22.7  2.0
22.7  2.0
22.6  2.0
22.5  2.0
22.4  2.0
22.3  2.0
22.3  2.0
22.2  2.0
22.1  2.0
22.0  2.0
21.9  2.0
21.9  2.0
21.8  2.0
21.7  2.0
21.6  2.0
21.6  2.0
21.5  2.0
