 0.0  0.0
49.0  0.3
50.0  0.8
50.3  0.9
50.5  0.9
50.6  0.9
50.6  0.9
50.8  1.0
50.8  1.0
50.8  1.0
50.9  1.0
50.9  1.1
51.0  1.1
51.0  1.1
51.0  1.1
51.0  1.1
51.0  1.1
51.0  1.1
51.0  1.1
51.0  1.1
51.0  1.1
51.0  1.1
51.0  1.1
51.0  1.1
51.0  1.1
49.0  1.1
49.1  1.1
49.2  1.1
49.3  1.2
49.4  1.2
49.4  1.2
49.5  1.2
49.5  1.3
49.5  1.3
49.6  1.3
49.6  1.3
49.7  1.3
49.7  1.4
49.7  1.4
49.8  1.4
49.8  1.4
49.8  1.4
49.9  1.4
49.9  1.4
49.9  1.4
49.9  1.5
50.0  1.5
50.0  1.5
50.0  1.5
50.1  1.5
50.1  1.5
50.1  1.5
50.1  1.5
50.2  1.5
50.2  1.6
50.2  1.6
50.2  1.6
50.2  1.6
50.3  1.6
50.3  1.6
50.3  1.6
49.5  1.7
49.5  1.7
49.5  1.7
49.6  1.7
49.6  1.7
49.6  1.7
49.6  1.7
49.7  1.7
49.7  1.7
49.7  1.7
49.7  1.7
49.7  1.8
49.8  1.8
49.8  1.8
49.8  1.8
49.8  1.8
49.8  1.8
49.8  1.8
49.9  1.8
49.9  1.9
49.9  1.9
49.9  1.9
49.9  1.9
49.9  1.9
50.0  1.9
50.0  1.9
50.0  2.0
50.0  2.0
50.0  2.0
50.0  2.0
50.0  2.0
50.0  2.0
50.1  2.0
50.1  2.1
50.1  2.1
50.1  2.1
50.1  2.1
49.6  2.1
49.6  2.1
49.6  2.1
49.7  2.1
49.7  2.1
49.7  2.2
49.7  2.2
49.7  2.2
49.7  2.2
49.7  2.2
49.7  2.2
49.8  2.2
49.8  2.2
49.8  2.2
49.8  2.2
49.8  2.2
49.8  2.2
49.8  2.2
49.8  2.2
49.9  2.3
49.9  2.3
49.9  2.3
49.9  2.3
49.9  2.3
49.9  2.3
49.9  2.3
49.9  2.3
50.0  2.3
50.0  2.3
50.0  2.3
50.0  2.3
50.0  2.3
50.0  2.3
50.0  2.3
50.0  2.3
49.7  2.3
49.7  2.3
49.7  2.3
49.7  2.4
49.7  2.4
49.7  2.4
49.7  2.4
49.7  2.4
49.7  2.4
49.8  2.4
49.8  2.4
49.8  2.4
49.8  2.4
49.8  2.4
49.8  2.4
49.8  2.4
49.8  2.4
49.8  2.4
49.8  2.4
49.8  2.4
49.9  2.4
49.9  2.4
49.9  2.4
49.9  2.5
49.9  2.5
49.9  2.5
49.9  2.5
49.9  2.5
49.9  2.5
49.9  2.5
49.9  2.5
49.9  2.5
49.9  2.5
50.0  2.5
50.0  2.5
50.0  2.5
49.7  2.5
49.7  2.5
49.7  2.5
49.7  2.5
49.7  2.5
49.7  2.6
49.7  2.6
49.8  2.6
49.8  2.6
49.8  2.6
49.8  2.6
49.8  2.6
49.8  2.6
49.8  2.6
49.8  2.6
49.8  2.6
49.8  2.6
49.8  2.6
49.8  2.6
49.8  2.6
49.8  2.6
49.9  2.6
49.9  2.6
49.9  2.6
49.9  2.6
49.9  2.6
49.9  2.6
49.9  2.6
49.9  2.6
49.9  2.6
49.9  2.6
49.9  2.6
49.9  2.6
49.9  2.6
49.9  2.6
49.7  2.6
49.7  2.6
49.7  2.6
49.7  2.6
49.7  2.6
49.7  2.6
49.7  2.6
49.7  2.6
49.8  2.6
49.8  2.6
49.8  2.6
49.8  2.6
49.8  2.6
49.8  2.6
49.8  2.6
49.8  2.6
49.8  2.6
49.8  2.6
49.8  2.6
49.8  2.6
49.8  2.6
49.8  2.6
49.8  2.6
49.8  2.6
49.9  2.6
49.9  2.6
49.9  2.6
49.9  2.6
49.9  2.6
49.9  2.6
49.9  2.6
49.9  2.6
49.9  2.6
49.9  2.6
49.9  2.6
49.9  2.6
49.9  2.6
49.7  2.6
49.7  2.6
49.7  2.6
49.7  2.6
49.7  2.6
49.7  2.6
49.8  2.6
49.8  2.6
49.8  2.6
49.8  2.6
49.8  2.6
49.8  2.6
49.8  2.6
49.8  2.6
49.8  2.6
49.8  2.6
49.8  2.6
49.8  2.6
49.8  2.6
49.8  2.6
49.8  2.6
49.8  2.6
49.8  2.6
49.8  2.6
49.8  2.6
49.8  2.6
49.9  2.6
49.9  2.6
49.9  2.6
49.9  2.6
49.8  2.6
49.6  2.6
49.6  2.6
49.8  2.6
49.7  2.6
49.8  2.6
49.9  2.6
49.8  2.6
49.8  2.6
49.8  2.6
49.7  2.6
49.6  2.6
49.5  2.6
49.5  2.6
49.4  2.6
49.4  2.6
49.2  2.6
49.1  2.6
49.0  2.6
48.7  2.6
